


































































































































0.979798 
0.979798 0.979798 
0.979798 0.979798 0.979798 
0.979798 0.979798 0.979798 0.979798 
0.979798 0.979798 0.979798 0.979798 0.979798 
0.979798 0.979798 0.979798 0.979798 0.979798 0.979798 
0.979798 0.979798 0.979798 0.979798 0.979798 0.979798 0.979798 
0.979798 0.979798 0.979798 0.979798 0.979798 0.979798 0.979798 0.979798 
0.979798 0.979798 0.979798 0.979798 0.979798 0.979798 0.979798 0.979798 0.979798 
0.979798 0.979798 0.979798 0.979798 0.979798 0.979798 0.979798 0.979798 0.979798 0.979798 
0.979798 0.979798 0.979798 0.979798 0.979798 0.979798 0.979798 0.979798 0.979798 0.979798 0.979798 
0.979798 0.979798 0.979798 0.979798 0.979798 0.979798 0.979798 0.979798 0.979798 0.979798 0.979798 0.979798 
0.979798 0.979798 0.979798 0.979798 0.979798 0.979798 0.979798 0.979798 0.979798 0.979798 0.979798 0.979798 0.979798 
0.979798 0.979798 0.979798 0.979798 0.979798 0.979798 0.979798 0.979798 0.979798 0.979798 0.979798 0.979798 0.979798 0.979798 
0.979798 0.979798 0.979798 0.979798 0.979798 0.979798 0.979798 0.979798 0.979798 0.979798 0.979798 0.979798 0.979798 0.979798 0.979798 
0.979798 0.979798 0.979798 0.979798 0.979798 0.979798 0.979798 0.979798 0.979798 0.979798 0.979798 0.979798 0.979798 0.979798 0.979798 0.979798 
0.979798 0.979798 0.979798 0.979798 0.979798 0.979798 0.979798 0.979798 0.979798 0.979798 0.979798 0.979798 0.979798 0.979798 0.979798 0.979798 0.979798 
0.979798 0.979798 0.979798 0.979798 0.979798 0.979798 0.979798 0.979798 0.979798 0.979798 0.979798 0.979798 0.979798 0.979798 0.979798 0.979798 0.979798 0.979798 
0.979798 0.979798 0.979798 0.979798 0.979798 0.979798 0.979798 0.979798 0.979798 0.979798 0.979798 0.979798 0.979798 0.979798 0.979798 0.979798 0.979798 0.979798 0.979798 
0.979798 0.979798 0.979798 0.979798 0.979798 0.979798 0.979798 0.979798 0.979798 0.979798 0.979798 0.979798 0.979798 0.979798 0.979798 0.979798 0.979798 0.979798 0.979798 0.979798 
0.979798 0.979798 0.979798 0.979798 0.979798 0.979798 0.979798 0.979798 0.979798 0.979798 0.979798 0.979798 0.979798 0.979798 0.979798 0.979798 0.979798 0.979798 0.979798 0.979798 0.979798 
0.979798 0.979798 0.979798 0.979798 0.979798 0.979798 0.979798 0.979798 0.979798 0.979798 0.979798 0.979798 0.979798 0.979798 0.979798 0.979798 0.979798 0.979798 0.979798 0.979798 0.979798 0.979798 
0.979798 0.979798 0.979798 0.979798 0.979798 0.979798 0.979798 0.979798 0.979798 0.979798 0.979798 0.979798 0.979798 0.979798 0.979798 0.979798 0.979798 0.979798 0.979798 0.979798 0.979798 0.979798 0.979798 
0.979798 0.979798 0.979798 0.979798 0.979798 0.979798 0.979798 0.979798 0.979798 0.979798 0.979798 0.979798 0.979798 0.979798 0.979798 0.979798 0.979798 0.979798 0.979798 0.979798 0.979798 0.979798 0.979798 0.979798 
0.979798 0.979798 0.979798 0.979798 0.979798 0.979798 0.979798 0.979798 0.979798 0.979798 0.979798 0.979798 0.979798 0.979798 0.979798 0.979798 0.979798 0.979798 0.979798 0.979798 0.979798 0.979798 0.979798 0.979798 0.979798 
0.979798 0.979798 0.979798 0.979798 0.979798 0.979798 0.979798 0.979798 0.979798 0.979798 0.979798 0.979798 0.979798 0.979798 0.979798 0.979798 0.979798 0.979798 0.979798 0.979798 0.979798 0.979798 0.979798 0.979798 0.979798 0.979798 
0.979798 0.979798 0.979798 0.979798 0.979798 0.979798 0.979798 0.979798 0.979798 0.979798 0.979798 0.979798 0.979798 0.979798 0.979798 0.979798 0.979798 0.979798 0.979798 0.979798 0.979798 0.979798 0.979798 0.979798 0.979798 0.979798 0.979798 
0.979798 0.979798 0.979798 0.979798 0.979798 0.979798 0.979798 0.979798 0.979798 0.979798 0.979798 0.979798 0.979798 0.979798 0.979798 0.979798 0.979798 0.979798 0.979798 0.979798 0.979798 0.979798 0.979798 0.979798 0.979798 0.979798 0.979798 0.979798 
0.979798 0.979798 0.979798 0.979798 0.979798 0.979798 0.979798 0.979798 0.979798 0.979798 0.979798 0.979798 0.979798 0.979798 0.979798 0.979798 0.979798 0.979798 0.979798 0.979798 0.979798 0.979798 0.979798 0.979798 0.979798 0.979798 0.979798 0.979798 0.979798 
0.979798 0.979798 0.979798 0.979798 0.979798 0.979798 0.979798 0.979798 0.979798 0.979798 0.979798 0.979798 0.979798 0.979798 0.979798 0.979798 0.979798 0.979798 0.979798 0.979798 0.979798 0.979798 0.979798 0.979798 0.979798 0.979798 0.979798 0.979798 0.979798 0.979798 
0.979798 0.979798 0.979798 0.979798 0.979798 0.979798 0.979798 0.979798 0.979798 0.979798 0.979798 0.979798 0.979798 0.979798 0.979798 0.979798 0.979798 0.979798 0.979798 0.979798 0.979798 0.979798 0.979798 0.979798 0.979798 0.979798 0.979798 0.979798 0.979798 0.979798 0.979798 
0.979798 0.979798 0.979798 0.979798 0.979798 0.979798 0.979798 0.979798 0.979798 0.979798 0.979798 0.979798 0.979798 0.979798 0.979798 0.979798 0.979798 0.979798 0.979798 0.979798 0.979798 0.979798 0.979798 0.979798 0.979798 0.979798 0.979798 0.979798 0.979798 0.979798 0.979798 0.979798 
0.979798 0.979798 0.979798 0.979798 0.979798 0.979798 0.979798 0.979798 0.979798 0.979798 0.979798 0.979798 0.979798 0.979798 0.979798 0.979798 0.979798 0.979798 0.979798 0.979798 0.979798 0.979798 0.979798 0.979798 0.979798 0.979798 0.979798 0.979798 0.979798 0.979798 0.979798 0.979798 0.979798 
0.979798 0.979798 0.979798 0.979798 0.979798 0.979798 0.979798 0.979798 0.979798 0.979798 0.979798 0.979798 0.979798 0.979798 0.979798 0.979798 0.979798 0.979798 0.979798 0.979798 0.979798 0.979798 0.979798 0.979798 0.979798 0.979798 0.979798 0.979798 0.979798 0.979798 0.979798 0.979798 0.979798 0.979798 
0.979798 0.979798 0.979798 0.979798 0.979798 0.979798 0.979798 0.979798 0.979798 0.979798 0.979798 0.979798 0.979798 0.979798 0.979798 0.979798 0.979798 0.979798 0.979798 0.979798 0.979798 0.979798 0.979798 0.979798 0.979798 0.979798 0.979798 0.979798 0.979798 0.979798 0.979798 0.979798 0.979798 0.979798 0.979798 
0.979798 0.979798 0.979798 0.979798 0.979798 0.979798 0.979798 0.979798 0.979798 0.979798 0.979798 0.979798 0.979798 0.979798 0.979798 0.979798 0.979798 0.979798 0.979798 0.979798 0.979798 0.979798 0.979798 0.979798 0.979798 0.979798 0.979798 0.979798 0.979798 0.979798 0.979798 0.979798 0.979798 0.979798 0.979798 0.979798 
0.979798 0.979798 0.979798 0.979798 0.979798 0.979798 0.979798 0.979798 0.979798 0.979798 0.979798 0.979798 0.979798 0.979798 0.979798 0.979798 0.979798 0.979798 0.979798 0.979798 0.979798 0.979798 0.979798 0.979798 0.979798 0.979798 0.979798 0.979798 0.979798 0.979798 0.979798 0.979798 0.979798 0.979798 0.979798 0.979798 0.979798 
0.979798 0.979798 0.979798 0.979798 0.979798 0.979798 0.979798 0.979798 0.979798 0.979798 0.979798 0.979798 0.979798 0.979798 0.979798 0.979798 0.979798 0.979798 0.979798 0.979798 0.979798 0.979798 0.979798 0.979798 0.979798 0.979798 0.979798 0.979798 0.979798 0.979798 0.979798 0.979798 0.979798 0.979798 0.979798 0.979798 0.979798 0.979798 
0.979798 0.979798 0.979798 0.979798 0.979798 0.979798 0.979798 0.979798 0.979798 0.979798 0.979798 0.979798 0.979798 0.979798 0.979798 0.979798 0.979798 0.979798 0.979798 0.979798 0.979798 0.979798 0.979798 0.979798 0.979798 0.979798 0.979798 0.979798 0.979798 0.979798 0.979798 0.979798 0.979798 0.979798 0.979798 0.979798 0.979798 0.979798 0.979798 
0.979798 0.979798 0.979798 0.979798 0.979798 0.979798 0.979798 0.979798 0.979798 0.979798 0.979798 0.979798 0.979798 0.979798 0.979798 0.979798 0.979798 0.979798 0.979798 0.979798 0.979798 0.979798 0.979798 0.979798 0.979798 0.979798 0.979798 0.979798 0.979798 0.979798 0.979798 0.979798 0.979798 0.979798 0.979798 0.979798 0.979798 0.979798 0.979798 0.979798 
0.979798 0.979798 0.979798 0.979798 0.979798 0.979798 0.979798 0.979798 0.979798 0.979798 0.979798 0.979798 0.979798 0.979798 0.979798 0.979798 0.979798 0.979798 0.979798 0.979798 0.979798 0.979798 0.979798 0.979798 0.979798 0.979798 0.979798 0.979798 0.979798 0.979798 0.979798 0.979798 0.979798 0.979798 0.979798 0.979798 0.979798 0.979798 0.979798 0.979798 0.979798 
0.979798 0.979798 0.979798 0.979798 0.979798 0.979798 0.979798 0.979798 0.979798 0.979798 0.979798 0.979798 0.979798 0.979798 0.979798 0.979798 0.979798 0.979798 0.979798 0.979798 0.979798 0.979798 0.979798 0.979798 0.979798 0.979798 0.979798 0.979798 0.979798 0.979798 0.979798 0.979798 0.979798 0.979798 0.979798 0.979798 0.979798 0.979798 0.979798 0.979798 0.979798 0.979798 
0.979798 0.979798 0.979798 0.979798 0.979798 0.979798 0.979798 0.979798 0.979798 0.979798 0.979798 0.979798 0.979798 0.979798 0.979798 0.979798 0.979798 0.979798 0.979798 0.979798 0.979798 0.979798 0.979798 0.979798 0.979798 0.979798 0.979798 0.979798 0.979798 0.979798 0.979798 0.979798 0.979798 0.979798 0.979798 0.979798 0.979798 0.979798 0.979798 0.979798 0.979798 0.979798 0.979798 
0.979798 0.979798 0.979798 0.979798 0.979798 0.979798 0.979798 0.979798 0.979798 0.979798 0.979798 0.979798 0.979798 0.979798 0.979798 0.979798 0.979798 0.979798 0.979798 0.979798 0.979798 0.979798 0.979798 0.979798 0.979798 0.979798 0.979798 0.979798 0.979798 0.979798 0.979798 0.979798 0.979798 0.979798 0.979798 0.979798 0.979798 0.979798 0.979798 0.979798 0.979798 0.979798 0.979798 0.979798 
0.979798 0.979798 0.979798 0.979798 0.979798 0.979798 0.979798 0.979798 0.979798 0.979798 0.979798 0.979798 0.979798 0.979798 0.979798 0.979798 0.979798 0.979798 0.979798 0.979798 0.979798 0.979798 0.979798 0.979798 0.979798 0.979798 0.979798 0.979798 0.979798 0.979798 0.979798 0.979798 0.979798 0.979798 0.979798 0.979798 0.979798 0.979798 0.979798 0.979798 0.979798 0.979798 0.979798 0.979798 0.979798 
0.979798 0.979798 0.979798 0.979798 0.979798 0.979798 0.979798 0.979798 0.979798 0.979798 0.979798 0.979798 0.979798 0.979798 0.979798 0.979798 0.979798 0.979798 0.979798 0.979798 0.979798 0.979798 0.979798 0.979798 0.979798 0.979798 0.979798 0.979798 0.979798 0.979798 0.979798 0.979798 0.979798 0.979798 0.979798 0.979798 0.979798 0.979798 0.979798 0.979798 0.979798 0.979798 0.979798 0.979798 0.979798 0.979798 
0.979798 0.979798 0.979798 0.979798 0.979798 0.979798 0.979798 0.979798 0.979798 0.979798 0.979798 0.979798 0.979798 0.979798 0.979798 0.979798 0.979798 0.979798 0.979798 0.979798 0.979798 0.979798 0.979798 0.979798 0.979798 0.979798 0.979798 0.979798 0.979798 0.979798 0.979798 0.979798 0.979798 0.979798 0.979798 0.979798 0.979798 0.979798 0.979798 0.979798 0.979798 0.979798 0.979798 0.979798 0.979798 0.979798 0.979798 
0.979798 0.979798 0.979798 0.979798 0.979798 0.979798 0.979798 0.979798 0.979798 0.979798 0.979798 0.979798 0.979798 0.979798 0.979798 0.979798 0.979798 0.979798 0.979798 0.979798 0.979798 0.979798 0.979798 0.979798 0.979798 0.979798 0.979798 0.979798 0.979798 0.979798 0.979798 0.979798 0.979798 0.979798 0.979798 0.979798 0.979798 0.979798 0.979798 0.979798 0.979798 0.979798 0.979798 0.979798 0.979798 0.979798 0.979798 0.979798 
0.979798 0.979798 0.979798 0.979798 0.979798 0.979798 0.979798 0.979798 0.979798 0.979798 0.979798 0.979798 0.979798 0.979798 0.979798 0.979798 0.979798 0.979798 0.979798 0.979798 0.979798 0.979798 0.979798 0.979798 0.979798 0.979798 0.979798 0.979798 0.979798 0.979798 0.979798 0.979798 0.979798 0.979798 0.979798 0.979798 0.979798 0.979798 0.979798 0.979798 0.979798 0.979798 0.979798 0.979798 0.979798 0.979798 0.979798 0.979798 0.979798 
0.979798 0.979798 0.979798 0.979798 0.979798 0.979798 0.979798 0.979798 0.979798 0.979798 0.979798 0.979798 0.979798 0.979798 0.979798 0.979798 0.979798 0.979798 0.979798 0.979798 0.979798 0.979798 0.979798 0.979798 0.979798 0.979798 0.979798 0.979798 0.979798 0.979798 0.979798 0.979798 0.979798 0.979798 0.979798 0.979798 0.979798 0.979798 0.979798 0.979798 0.979798 0.979798 0.979798 0.979798 0.979798 0.979798 0.979798 0.979798 0.979798 0.979798 
0.979798 0.979798 0.979798 0.979798 0.979798 0.979798 0.979798 0.979798 0.979798 0.979798 0.979798 0.979798 0.979798 0.979798 0.979798 0.979798 0.979798 0.979798 0.979798 0.979798 0.979798 0.979798 0.979798 0.979798 0.979798 0.979798 0.979798 0.979798 0.979798 0.979798 0.979798 0.979798 0.979798 0.979798 0.979798 0.979798 0.979798 0.979798 0.979798 0.979798 0.979798 0.979798 0.979798 0.979798 0.979798 0.979798 0.979798 0.979798 0.979798 0.979798 0.979798 
0.979798 0.979798 0.979798 0.979798 0.979798 0.979798 0.979798 0.979798 0.979798 0.979798 0.979798 0.979798 0.979798 0.979798 0.979798 0.979798 0.979798 0.979798 0.979798 0.979798 0.979798 0.979798 0.979798 0.979798 0.979798 0.979798 0.979798 0.979798 0.979798 0.979798 0.979798 0.979798 0.979798 0.979798 0.979798 0.979798 0.979798 0.979798 0.979798 0.979798 0.979798 0.979798 0.979798 0.979798 0.979798 0.979798 0.979798 0.979798 0.979798 0.979798 0.979798 0.979798 
0.979798 0.979798 0.979798 0.979798 0.979798 0.979798 0.979798 0.979798 0.979798 0.979798 0.979798 0.979798 0.979798 0.979798 0.979798 0.979798 0.979798 0.979798 0.979798 0.979798 0.979798 0.979798 0.979798 0.979798 0.979798 0.979798 0.979798 0.979798 0.979798 0.979798 0.979798 0.979798 0.979798 0.979798 0.979798 0.979798 0.979798 0.979798 0.979798 0.979798 0.979798 0.979798 0.979798 0.979798 0.979798 0.979798 0.979798 0.979798 0.979798 0.979798 0.979798 0.979798 0.979798 
0.979798 0.979798 0.979798 0.979798 0.979798 0.979798 0.979798 0.979798 0.979798 0.979798 0.979798 0.979798 0.979798 0.979798 0.979798 0.979798 0.979798 0.979798 0.979798 0.979798 0.979798 0.979798 0.979798 0.979798 0.979798 0.979798 0.979798 0.979798 0.979798 0.979798 0.979798 0.979798 0.979798 0.979798 0.979798 0.979798 0.979798 0.979798 0.979798 0.979798 0.979798 0.979798 0.979798 0.979798 0.979798 0.979798 0.979798 0.979798 0.979798 0.979798 0.979798 0.979798 0.979798 0.979798 
0.979798 0.979798 0.979798 0.979798 0.979798 0.979798 0.979798 0.979798 0.979798 0.979798 0.979798 0.979798 0.979798 0.979798 0.979798 0.979798 0.979798 0.979798 0.979798 0.979798 0.979798 0.979798 0.979798 0.979798 0.979798 0.979798 0.979798 0.979798 0.979798 0.979798 0.979798 0.979798 0.979798 0.979798 0.979798 0.979798 0.979798 0.979798 0.979798 0.979798 0.979798 0.979798 0.979798 0.979798 0.979798 0.979798 0.979798 0.979798 0.979798 0.979798 0.979798 0.979798 0.979798 0.979798 0.979798 
0.979798 0.979798 0.979798 0.979798 0.979798 0.979798 0.979798 0.979798 0.979798 0.979798 0.979798 0.979798 0.979798 0.979798 0.979798 0.979798 0.979798 0.979798 0.979798 0.979798 0.979798 0.979798 0.979798 0.979798 0.979798 0.979798 0.979798 0.979798 0.979798 0.979798 0.979798 0.979798 0.979798 0.979798 0.979798 0.979798 0.979798 0.979798 0.979798 0.979798 0.979798 0.979798 0.979798 0.979798 0.979798 0.979798 0.979798 0.979798 0.979798 0.979798 0.979798 0.979798 0.979798 0.979798 0.979798 0.979798 
0.979798 0.979798 0.979798 0.979798 0.979798 0.979798 0.979798 0.979798 0.979798 0.979798 0.979798 0.979798 0.979798 0.979798 0.979798 0.979798 0.979798 0.979798 0.979798 0.979798 0.979798 0.979798 0.979798 0.979798 0.979798 0.979798 0.979798 0.979798 0.979798 0.979798 0.979798 0.979798 0.979798 0.979798 0.979798 0.979798 0.979798 0.979798 0.979798 0.979798 0.979798 0.979798 0.979798 0.979798 0.979798 0.979798 0.979798 0.979798 0.979798 0.979798 0.979798 0.979798 0.979798 0.979798 0.979798 0.979798 0.979798 
0.979798 0.979798 0.979798 0.979798 0.979798 0.979798 0.979798 0.979798 0.979798 0.979798 0.979798 0.979798 0.979798 0.979798 0.979798 0.979798 0.979798 0.979798 0.979798 0.979798 0.979798 0.979798 0.979798 0.979798 0.979798 0.979798 0.979798 0.979798 0.979798 0.979798 0.979798 0.979798 0.979798 0.979798 0.979798 0.979798 0.979798 0.979798 0.979798 0.979798 0.979798 0.979798 0.979798 0.979798 0.979798 0.979798 0.979798 0.979798 0.979798 0.979798 0.979798 0.979798 0.979798 0.979798 0.979798 0.979798 0.979798 0.979798 
0.979798 0.979798 0.979798 0.979798 0.979798 0.979798 0.979798 0.979798 0.979798 0.979798 0.979798 0.979798 0.979798 0.979798 0.979798 0.979798 0.979798 0.979798 0.979798 0.979798 0.979798 0.979798 0.979798 0.979798 0.979798 0.979798 0.979798 0.979798 0.979798 0.979798 0.979798 0.979798 0.979798 0.979798 0.979798 0.979798 0.979798 0.979798 0.979798 0.979798 0.979798 0.979798 0.979798 0.979798 0.979798 0.979798 0.979798 0.979798 0.979798 0.979798 0.979798 0.979798 0.979798 0.979798 0.979798 0.979798 0.979798 0.979798 0.979798 
0.979798 0.979798 0.979798 0.979798 0.979798 0.979798 0.979798 0.979798 0.979798 0.979798 0.979798 0.979798 0.979798 0.979798 0.979798 0.979798 0.979798 0.979798 0.979798 0.979798 0.979798 0.979798 0.979798 0.979798 0.979798 0.979798 0.979798 0.979798 0.979798 0.979798 0.979798 0.979798 0.979798 0.979798 0.979798 0.979798 0.979798 0.979798 0.979798 0.979798 0.979798 0.979798 0.979798 0.979798 0.979798 0.979798 0.979798 0.979798 0.979798 0.979798 0.979798 0.979798 0.979798 0.979798 0.979798 0.979798 0.979798 0.979798 0.979798 0.979798 0.979798 0.979798 0.979798 
0.979798 0.979798 0.979798 0.979798 0.979798 0.979798 0.979798 0.979798 0.979798 0.979798 0.979798 0.979798 0.979798 0.979798 0.979798 0.979798 0.979798 0.979798 0.979798 0.979798 0.979798 0.979798 0.979798 0.979798 0.979798 0.979798 0.979798 0.979798 0.979798 0.979798 0.979798 0.979798 0.979798 0.979798 0.979798 0.979798 0.979798 0.979798 0.979798 0.979798 0.979798 0.979798 0.979798 0.979798 0.979798 0.979798 0.979798 0.979798 0.979798 0.979798 0.979798 0.979798 0.979798 0.979798 0.979798 0.979798 0.979798 0.979798 0.979798 0.979798 0.979798 0.979798 0.979798 0.979798 0.979798 0.979798 0.979628 
0.979798 0.979798 0.979798 0.979798 0.979798 0.979798 0.979798 0.979798 0.979798 0.979798 0.979798 0.979798 0.979798 0.979798 0.979798 0.979798 0.979798 0.979798 0.979798 0.979798 0.979798 0.979798 0.979798 0.979798 0.979798 0.979798 0.979798 0.979798 0.979798 0.979798 0.979798 0.979798 0.979798 0.979798 0.979798 0.979798 0.979798 0.979798 0.979798 0.979798 0.979798 0.979798 0.979798 0.979798 0.979798 0.979798 0.979798 0.979798 0.979798 0.979798 0.979798 0.979798 0.979798 0.979798 0.979798 0.979798 0.979798 0.979798 0.979798 0.979798 0.979798 0.979798 0.979798 0.979798 0.979798 0.979798 0.979798 0.979798 0.979798 0.979628 0.979459 
0.979798 0.979798 0.979798 0.979798 0.979798 0.979798 0.979798 0.979798 0.979798 0.979798 0.979798 0.979798 0.979798 0.979798 0.979798 0.979798 0.979798 0.979798 0.979798 0.979798 0.979798 0.979798 0.979798 0.979798 0.979798 0.979798 0.979798 0.979798 0.979798 0.979798 0.979798 0.979798 0.979798 0.979798 0.979798 0.979798 0.979798 0.979798 0.979798 0.979798 0.979798 0.979798 0.979798 0.979798 0.979798 0.979798 0.979798 0.979798 0.979798 0.979798 0.979798 0.979798 0.979798 0.979798 0.979798 0.979798 0.979798 0.979798 0.979798 0.979798 0.979798 0.979798 0.979798 0.979798 0.979798 0.979798 0.979798 0.979798 0.979798 0.979798 0.979798 0.979798 0.979628 0.979459 0.979289 
0.979798 0.979798 0.979798 0.979798 0.979798 0.979798 0.979798 0.979798 0.979798 0.979798 0.979798 0.979798 0.979798 0.979798 0.979798 0.979798 0.979798 0.979798 0.979798 0.979798 0.979798 0.979798 0.979798 0.979798 0.979798 0.979798 0.979798 0.979798 0.979798 0.979798 0.979798 0.979798 0.979798 0.979798 0.979798 0.979798 0.979798 0.979798 0.979798 0.979798 0.979798 0.979798 0.979798 0.979798 0.979798 0.979798 0.979798 0.979798 0.979798 0.979798 0.979798 0.979798 0.979798 0.979798 0.979798 0.979798 0.979798 0.979798 0.979798 0.979798 0.979798 0.979798 0.979798 0.979798 0.979798 0.979798 0.979798 0.979798 0.979798 0.979798 0.979798 0.979798 0.979798 0.979798 0.979798 0.979628 0.979459 0.979289 0.979120 
0.979798 0.979798 0.979798 0.979798 0.979798 0.979798 0.979798 0.979798 0.979798 0.979798 0.979798 0.979798 0.979798 0.979798 0.979798 0.979798 0.979798 0.979798 0.979798 0.979798 0.979798 0.979798 0.979798 0.979798 0.979798 0.979798 0.979798 0.979798 0.979798 0.979798 0.979798 0.979798 0.979798 0.979798 0.979798 0.979798 0.979798 0.979798 0.979798 0.979798 0.979798 0.979798 0.979798 0.979798 0.979798 0.979798 0.979798 0.979798 0.979798 0.979798 0.979798 0.979798 0.979798 0.979798 0.979798 0.979798 0.979798 0.979798 0.979798 0.979798 0.979798 0.979798 0.979798 0.979798 0.979798 0.979798 0.979798 0.979798 0.979798 0.979798 0.979798 0.979798 0.979798 0.979798 0.979798 0.979798 0.979798 0.979798 0.979628 0.979459 0.979289 0.979120 0.978950 
0.979798 0.979798 0.979798 0.979798 0.979798 0.979798 0.979798 0.979798 0.979798 0.979798 0.979798 0.979798 0.979798 0.979798 0.979798 0.979798 0.979798 0.979798 0.979798 0.979798 0.979798 0.979798 0.979798 0.979798 0.979798 0.979798 0.979798 0.979798 0.979798 0.979798 0.979798 0.979798 0.979798 0.979798 0.979798 0.979798 0.979798 0.979798 0.979798 0.979798 0.979798 0.979798 0.979798 0.979798 0.979798 0.979798 0.979798 0.979798 0.979798 0.979798 0.979798 0.979798 0.979798 0.979798 0.979798 0.979798 0.979798 0.979798 0.979798 0.979798 0.979798 0.979798 0.979798 0.979798 0.979798 0.979798 0.979798 0.979798 0.979798 0.979798 0.979798 0.979798 0.979798 0.979798 0.979798 0.979798 0.979798 0.979798 0.979798 0.979798 0.979798 0.979628 0.979459 0.979289 0.979120 0.978950 0.978781 
0.979798 0.979798 0.979798 0.979798 0.979798 0.979798 0.979798 0.979798 0.979798 0.979798 0.979798 0.979798 0.979798 0.979798 0.979798 0.979798 0.979798 0.979798 0.979798 0.979798 0.979798 0.979798 0.979798 0.979798 0.979798 0.979798 0.979798 0.979798 0.979798 0.979798 0.979798 0.979798 0.979798 0.979798 0.979798 0.979798 0.979798 0.979798 0.979798 0.979798 0.979798 0.979798 0.979798 0.979798 0.979798 0.979798 0.979798 0.979798 0.979798 0.979798 0.979798 0.979798 0.979798 0.979798 0.979798 0.979798 0.979798 0.979798 0.979798 0.979798 0.979798 0.979798 0.979798 0.979798 0.979798 0.979798 0.979798 0.979798 0.979798 0.979798 0.979798 0.979798 0.979798 0.979798 0.979798 0.979798 0.979798 0.979798 0.979798 0.979798 0.979798 0.979798 0.979798 0.979798 0.979628 0.979459 0.979289 0.979120 0.978950 0.978781 0.978611 
0.979798 0.979798 0.979798 0.979798 0.979798 0.979798 0.979798 0.979798 0.979798 0.979798 0.979798 0.979798 0.979798 0.979798 0.979798 0.979798 0.979798 0.979798 0.979798 0.979798 0.979798 0.979798 0.979798 0.979798 0.979798 0.979798 0.979798 0.979798 0.979798 0.979798 0.979798 0.979798 0.979798 0.979798 0.979798 0.979798 0.979798 0.979798 0.979798 0.979798 0.979798 0.979798 0.979798 0.979798 0.979798 0.979798 0.979798 0.979798 0.979798 0.979798 0.979798 0.979798 0.979798 0.979798 0.979798 0.979798 0.979798 0.979798 0.979798 0.979798 0.979798 0.979798 0.979798 0.979798 0.979798 0.979798 0.979798 0.979798 0.979798 0.979798 0.979798 0.979798 0.979798 0.979798 0.979798 0.979798 0.979798 0.979798 0.979798 0.979798 0.979798 0.979798 0.979798 0.979798 0.979798 0.979798 0.979798 0.979628 0.979459 0.979289 0.979120 0.978950 0.978781 0.978611 0.978442 
0.979798 0.979798 0.979798 0.979798 0.979798 0.979798 0.979798 0.979798 0.979798 0.979798 0.979798 0.979798 0.979798 0.979798 0.979798 0.979798 0.979798 0.979798 0.979798 0.979798 0.979798 0.979798 0.979798 0.979798 0.979798 0.979798 0.979798 0.979798 0.979798 0.979798 0.979798 0.979798 0.979798 0.979798 0.979798 0.979798 0.979798 0.979798 0.979798 0.979798 0.979798 0.979798 0.979798 0.979798 0.979798 0.979798 0.979798 0.979798 0.979798 0.979798 0.979798 0.979798 0.979798 0.979798 0.979798 0.979798 0.979798 0.979798 0.979798 0.979798 0.979798 0.979798 0.979798 0.979798 0.979798 0.979798 0.979798 0.979798 0.979798 0.979798 0.979798 0.979798 0.979798 0.979798 0.979798 0.979798 0.979798 0.979798 0.979798 0.979798 0.979798 0.979798 0.979798 0.979798 0.979798 0.979798 0.979798 0.979798 0.979798 0.979798 0.979628 0.979459 0.979289 0.979120 0.978950 0.978781 0.978611 0.978442 0.978272 
0.979798 0.979798 0.979798 0.979798 0.979798 0.979798 0.979798 0.979798 0.979798 0.979798 0.979798 0.979798 0.979798 0.979798 0.979798 0.979798 0.979798 0.979798 0.979798 0.979798 0.979798 0.979798 0.979798 0.979798 0.979798 0.979798 0.979798 0.979798 0.979798 0.979798 0.979798 0.979798 0.979798 0.979798 0.979798 0.979798 0.979798 0.979798 0.979798 0.979798 0.979798 0.979798 0.979798 0.979798 0.979798 0.979798 0.979798 0.979798 0.979798 0.979798 0.979798 0.979798 0.979798 0.979798 0.979798 0.979798 0.979798 0.979798 0.979798 0.979798 0.979798 0.979798 0.979798 0.979798 0.979798 0.979798 0.979798 0.979798 0.979798 0.979798 0.979798 0.979798 0.979798 0.979798 0.979798 0.979798 0.979798 0.979798 0.979798 0.979798 0.979798 0.979798 0.979798 0.979798 0.979798 0.979798 0.979798 0.979798 0.979798 0.979798 0.979798 0.979798 0.979798 0.979628 0.979459 0.979289 0.979120 0.978950 0.978781 0.978611 0.978442 0.978272 0.978103 
0.979798 0.979798 0.979798 0.979798 0.979798 0.979798 0.979798 0.979798 0.979798 0.979798 0.979798 0.979798 0.979798 0.979798 0.979798 0.979798 0.979798 0.979798 0.979798 0.979798 0.979798 0.979798 0.979798 0.979798 0.979798 0.979798 0.979798 0.979798 0.979798 0.979798 0.979798 0.979798 0.979798 0.979798 0.979798 0.979798 0.979798 0.979798 0.979798 0.979798 0.979798 0.979798 0.979798 0.979798 0.979798 0.979798 0.979798 0.979798 0.979798 0.979798 0.979798 0.979798 0.979798 0.979798 0.979798 0.979798 0.979798 0.979798 0.979798 0.979798 0.979798 0.979798 0.979798 0.979798 0.979798 0.979798 0.979798 0.979798 0.979798 0.979798 0.979798 0.979798 0.979798 0.979798 0.979798 0.979798 0.979798 0.979798 0.979798 0.979798 0.979798 0.979798 0.979798 0.979798 0.979798 0.979798 0.979798 0.979798 0.979798 0.979798 0.979798 0.979798 0.979798 0.979798 0.979798 0.979798 0.979628 0.979459 0.979289 0.979120 0.978950 0.978781 0.978611 0.978442 0.978272 0.978103 0.977933 
0.979798 0.979798 0.979798 0.979798 0.979798 0.979798 0.979798 0.979798 0.979798 0.979798 0.979798 0.979798 0.979798 0.979798 0.979798 0.979798 0.979798 0.979798 0.979798 0.979798 0.979798 0.979798 0.979798 0.979798 0.979798 0.979798 0.979798 0.979798 0.979798 0.979798 0.979798 0.979798 0.979798 0.979798 0.979798 0.979798 0.979798 0.979798 0.979798 0.979798 0.979798 0.979798 0.979798 0.979798 0.979798 0.979798 0.979798 0.979798 0.979798 0.979798 0.979798 0.979798 0.979798 0.979798 0.979798 0.979798 0.979798 0.979798 0.979798 0.979798 0.979798 0.979798 0.979798 0.979798 0.979798 0.979798 0.979798 0.979798 0.979798 0.979798 0.979798 0.979798 0.979798 0.979798 0.979798 0.979798 0.979798 0.979798 0.979798 0.979798 0.979798 0.979798 0.979798 0.979798 0.979798 0.979798 0.979798 0.979798 0.979798 0.979798 0.979798 0.979798 0.979798 0.979798 0.979798 0.979798 0.979798 0.979798 0.979798 0.979628 0.979459 0.979289 0.979120 0.978950 0.978781 0.978611 0.978442 0.978272 0.978103 0.977933 0.977764 
0.979798 0.979798 0.979798 0.979798 0.979798 0.979798 0.979798 0.979798 0.979798 0.979798 0.979798 0.979798 0.979798 0.979798 0.979798 0.979798 0.979798 0.979798 0.979798 0.979798 0.979798 0.979798 0.979798 0.979798 0.979798 0.979798 0.979798 0.979798 0.979798 0.979798 0.979798 0.979798 0.979798 0.979798 0.979798 0.979798 0.979798 0.979798 0.979798 0.979798 0.979798 0.979798 0.979798 0.979798 0.979798 0.979798 0.979798 0.979798 0.979798 0.979798 0.979798 0.979798 0.979798 0.979798 0.979798 0.979798 0.979798 0.979798 0.979798 0.979798 0.979798 0.979798 0.979798 0.979798 0.979798 0.979798 0.979798 0.979798 0.979798 0.979798 0.979798 0.979798 0.979798 0.979798 0.979798 0.979798 0.979798 0.979798 0.979798 0.979798 0.979798 0.979798 0.979798 0.979798 0.979798 0.979798 0.979798 0.979798 0.979798 0.979798 0.979798 0.979798 0.979798 0.979798 0.979798 0.979798 0.979798 0.979798 0.979798 0.979798 0.979798 0.979798 0.979628 0.979459 0.979289 0.979120 0.978950 0.978781 0.978611 0.978442 0.978272 0.978103 0.977933 0.977764 
0.979798 0.979798 0.979798 0.979798 0.979798 0.979798 0.979798 0.979798 0.979798 0.979798 0.979798 0.979798 0.979798 0.979798 0.979798 0.979798 0.979798 0.979798 0.979798 0.979798 0.979798 0.979798 0.979798 0.979798 0.979798 0.979798 0.979798 0.979798 0.979798 0.979798 0.979798 0.979798 0.979798 0.979798 0.979798 0.979798 0.979798 0.979798 0.979798 0.979798 0.979798 0.979798 0.979798 0.979798 0.979798 0.979798 0.979798 0.979798 0.979798 0.979798 0.979798 0.979798 0.979798 0.979798 0.979798 0.979798 0.979798 0.979798 0.979798 0.979798 0.979798 0.979798 0.979798 0.979798 0.979798 0.979798 0.979798 0.979798 0.979798 0.979798 0.979798 0.979798 0.979798 0.979798 0.979798 0.979798 0.979798 0.979798 0.979798 0.979798 0.979798 0.979798 0.979798 0.979798 0.979798 0.979798 0.979798 0.979798 0.979798 0.979798 0.979798 0.979798 0.979798 0.979798 0.979798 0.979798 0.979798 0.979798 0.979798 0.979798 0.979798 0.979798 0.979798 0.979798 0.979798 0.979628 0.979459 0.979289 0.979120 0.978950 0.978781 0.978611 0.978442 0.978272 0.978103 0.977933 0.977764 
0.979798 0.979798 0.979798 0.979798 0.979798 0.979798 0.979798 0.979798 0.979798 0.979798 0.979798 0.979798 0.979798 0.979798 0.979798 0.979798 0.979798 0.979798 0.979798 0.979798 0.979798 0.979798 0.979798 0.979798 0.979798 0.979798 0.979798 0.979798 0.979798 0.979798 0.979798 0.979798 0.979798 0.979798 0.979798 0.979798 0.979798 0.979798 0.979798 0.979798 0.979798 0.979798 0.979798 0.979798 0.979798 0.979798 0.979798 0.979798 0.979798 0.979798 0.979798 0.979798 0.979798 0.979798 0.979798 0.979798 0.979798 0.979798 0.979798 0.979798 0.979798 0.979798 0.979798 0.979798 0.979798 0.979798 0.979798 0.979798 0.979798 0.979798 0.979798 0.979798 0.979798 0.979798 0.979798 0.979798 0.979798 0.979798 0.979798 0.979798 0.979798 0.979798 0.979798 0.979798 0.979798 0.979798 0.979798 0.979798 0.979798 0.979798 0.979798 0.979798 0.979798 0.979798 0.979798 0.979798 0.979798 0.979798 0.979798 0.979798 0.979798 0.979798 0.979798 0.979798 0.979798 0.979798 0.979798 0.979798 0.979628 0.979459 0.979289 0.979120 0.978950 0.978781 0.978611 0.978442 0.978272 0.978103 0.977933 0.977764 
0.979798 0.979798 0.979798 0.979798 0.979798 0.979798 0.979798 0.979798 0.979798 0.979798 0.979798 0.979798 0.979798 0.979798 0.979798 0.979798 0.979798 0.979798 0.979798 0.979798 0.979798 0.979798 0.979798 0.979798 0.979798 0.979798 0.979798 0.979798 0.979798 0.979798 0.979798 0.979798 0.979798 0.979798 0.979798 0.979798 0.979798 0.979798 0.979798 0.979798 0.979798 0.979798 0.979798 0.979798 0.979798 0.979798 0.979798 0.979798 0.979798 0.979798 0.979798 0.979798 0.979798 0.979798 0.979798 0.979798 0.979798 0.979798 0.979798 0.979798 0.979798 0.979798 0.979798 0.979798 0.979798 0.979798 0.979798 0.979798 0.979798 0.979798 0.979798 0.979798 0.979798 0.979798 0.979798 0.979798 0.979798 0.979798 0.979798 0.979798 0.979798 0.979798 0.979798 0.979798 0.979798 0.979798 0.979798 0.979798 0.979798 0.979798 0.979798 0.979798 0.979798 0.979798 0.979798 0.979798 0.979798 0.979798 0.979798 0.979798 0.979798 0.979798 0.979798 0.979798 0.979798 0.979798 0.979798 0.979798 0.979798 0.979798 0.979798 0.979628 0.979459 0.979289 0.979120 0.978950 0.978781 0.978611 0.978442 0.978272 0.978103 0.977933 0.977764 
0.979798 0.979798 0.979798 0.979798 0.979798 0.979798 0.979798 0.979798 0.979798 0.979798 0.979798 0.979798 0.979798 0.979798 0.979798 0.979798 0.979798 0.979798 0.979798 0.979798 0.979798 0.979798 0.979798 0.979798 0.979798 0.979798 0.979798 0.979798 0.979798 0.979798 0.979798 0.979798 0.979798 0.979798 0.979798 0.979798 0.979798 0.979798 0.979798 0.979798 0.979798 0.979798 0.979798 0.979798 0.979798 0.979798 0.979798 0.979798 0.979798 0.979798 0.979798 0.979798 0.979798 0.979798 0.979798 0.979798 0.979798 0.979798 0.979798 0.979798 0.979798 0.979798 0.979798 0.979798 0.979798 0.979798 0.979798 0.979798 0.979798 0.979798 0.979798 0.979798 0.979798 0.979798 0.979798 0.979798 0.979798 0.979798 0.979798 0.979798 0.979798 0.979798 0.979798 0.979798 0.979798 0.979798 0.979798 0.979798 0.979798 0.979798 0.979798 0.979798 0.979798 0.979798 0.979798 0.979798 0.979798 0.979798 0.979798 0.979798 0.979798 0.979798 0.979798 0.979798 0.979798 0.979798 0.979798 0.979798 0.979798 0.979798 0.979798 0.979798 0.979798 0.979798 0.979628 0.979459 0.979289 0.979120 0.978950 0.978781 0.978611 0.978442 0.978272 0.978103 0.977933 0.977764 
0.979798 0.979798 0.979798 0.979798 0.979798 0.979798 0.979798 0.979798 0.979798 0.979798 0.979798 0.979798 0.979798 0.979798 0.979798 0.979798 0.979798 0.979798 0.979798 0.979798 0.979798 0.979798 0.979798 0.979798 0.979798 0.979798 0.979798 0.979798 0.979798 0.979798 0.979798 0.979798 0.979798 0.979798 0.979798 0.979798 0.979798 0.979798 0.979798 0.979798 0.979798 0.979798 0.979798 0.979798 0.979798 0.979798 0.979798 0.979798 0.979798 0.979798 0.979798 0.979798 0.979798 0.979798 0.979798 0.979798 0.979798 0.979798 0.979798 0.979798 0.979798 0.979798 0.979798 0.979798 0.979798 0.979798 0.979798 0.979798 0.979798 0.979798 0.979798 0.979798 0.979798 0.979798 0.979798 0.979798 0.979798 0.979798 0.979798 0.979798 0.979798 0.979798 0.979798 0.979798 0.979798 0.979798 0.979798 0.979798 0.979798 0.979798 0.979798 0.979798 0.979798 0.979798 0.979798 0.979798 0.979798 0.979798 0.979798 0.979798 0.979798 0.979798 0.979798 0.979798 0.979798 0.979798 0.979798 0.979798 0.979798 0.979798 0.979798 0.979798 0.979798 0.979798 0.979798 0.979798 0.979798 0.979628 0.979459 0.979289 0.979120 0.978950 0.978781 0.978611 0.978442 0.978272 0.978103 0.977933 0.977764 
0.979798 0.979798 0.979798 0.979798 0.979798 0.979798 0.979798 0.979798 0.979798 0.979798 0.979798 0.979798 0.979798 0.979798 0.979798 0.979798 0.979798 0.979798 0.979798 0.979798 0.979798 0.979798 0.979798 0.979798 0.979798 0.979798 0.979798 0.979798 0.979798 0.979798 0.979798 0.979798 0.979798 0.979798 0.979798 0.979798 0.979798 0.979798 0.979798 0.979798 0.979798 0.979798 0.979798 0.979798 0.979798 0.979798 0.979798 0.979798 0.979798 0.979798 0.979798 0.979798 0.979798 0.979798 0.979798 0.979798 0.979798 0.979798 0.979798 0.979798 0.979798 0.979798 0.979798 0.979798 0.979798 0.979798 0.979798 0.979798 0.979798 0.979798 0.979798 0.979798 0.979798 0.979798 0.979798 0.979798 0.979798 0.979798 0.979798 0.979798 0.979798 0.979798 0.979798 0.979798 0.979798 0.979798 0.979798 0.979798 0.979798 0.979798 0.979798 0.979798 0.979798 0.979798 0.979798 0.979798 0.979798 0.979798 0.979798 0.979798 0.979798 0.979798 0.979798 0.979798 0.979798 0.979798 0.979798 0.979798 0.979798 0.979798 0.979798 0.979798 0.979798 0.979798 0.979798 0.979798 0.979798 0.979798 0.979798 0.979798 0.979628 0.979459 0.979289 0.979120 0.978950 0.978781 0.978611 0.978442 0.978272 0.978103 0.977933 0.977764 
0.979798 0.979798 0.979798 0.979798 0.979798 0.979798 0.979798 0.979798 0.979798 0.979798 0.979798 0.979798 0.979798 0.979798 0.979798 0.979798 0.979798 0.979798 0.979798 0.979798 0.979798 0.979798 0.979798 0.979798 0.979798 0.979798 0.979798 0.979798 0.979798 0.979798 0.979798 0.979798 0.979798 0.979798 0.979798 0.979798 0.979798 0.979798 0.979798 0.979798 0.979798 0.979798 0.979798 0.979798 0.979798 0.979798 0.979798 0.979798 0.979798 0.979798 0.979798 0.979798 0.979798 0.979798 0.979798 0.979798 0.979798 0.979798 0.979798 0.979798 0.979798 0.979798 0.979798 0.979798 0.979798 0.979798 0.979798 0.979798 0.979798 0.979798 0.979798 0.979798 0.979798 0.979798 0.979798 0.979798 0.979798 0.979798 0.979798 0.979798 0.979798 0.979798 0.979798 0.979798 0.979798 0.979798 0.979798 0.979798 0.979798 0.979798 0.979798 0.979798 0.979798 0.979798 0.979798 0.979798 0.979798 0.979798 0.979798 0.979798 0.979798 0.979798 0.979798 0.979798 0.979798 0.979798 0.979798 0.979798 0.979798 0.979798 0.979798 0.979798 0.979798 0.979798 0.979798 0.979798 0.979798 0.979798 0.979798 0.979798 0.979798 0.979798 0.979798 0.979628 0.979459 0.979289 0.979120 0.978950 0.978781 0.978611 0.978442 0.978272 0.978103 0.977933 0.977764 
0.979798 0.979798 0.979798 0.979798 0.979798 0.979798 0.979798 0.979798 0.979798 0.979798 0.979798 0.979798 0.979798 0.979798 0.979798 0.979798 0.979798 0.979798 0.979798 0.979798 0.979798 0.979798 0.979798 0.979798 0.979798 0.979798 0.979798 0.979798 0.979798 0.979798 0.979798 0.979798 0.979798 0.979798 0.979798 0.979798 0.979798 0.979798 0.979798 0.979798 0.979798 0.979798 0.979798 0.979798 0.979798 0.979798 0.979798 0.979798 0.979798 0.979798 0.979798 0.979798 0.979798 0.979798 0.979798 0.979798 0.979798 0.979798 0.979798 0.979798 0.979798 0.979798 0.979798 0.979798 0.979798 0.979798 0.979798 0.979798 0.979798 0.979798 0.979798 0.979798 0.979798 0.979798 0.979798 0.979798 0.979798 0.979798 0.979798 0.979798 0.979798 0.979798 0.979798 0.979798 0.979798 0.979798 0.979798 0.979798 0.979798 0.979798 0.979798 0.979798 0.979798 0.979798 0.979798 0.979798 0.979798 0.979798 0.979798 0.979798 0.979798 0.979798 0.979798 0.979798 0.979798 0.979798 0.979798 0.979798 0.979798 0.979798 0.979798 0.979798 0.979798 0.979798 0.979798 0.979798 0.979798 0.979798 0.979798 0.979798 0.979798 0.979798 0.979798 0.979798 0.979798 0.979798 0.979628 0.979459 0.979289 0.979120 0.978950 0.978781 0.978611 0.978442 0.978272 0.978103 0.977933 0.977764 
0.979798 0.979798 0.979798 0.979798 0.979798 0.979798 0.979798 0.979798 0.979798 0.979798 0.979798 0.979798 0.979798 0.979798 0.979798 0.979798 0.979798 0.979798 0.979798 0.979798 0.979798 0.979798 0.979798 0.979798 0.979798 0.979798 0.979798 0.979798 0.979798 0.979798 0.979798 0.979798 0.979798 0.979798 0.979798 0.979798 0.979798 0.979798 0.979798 0.979798 0.979798 0.979798 0.979798 0.979798 0.979798 0.979798 0.979798 0.979798 0.979798 0.979798 0.979798 0.979798 0.979798 0.979798 0.979798 0.979798 0.979798 0.979798 0.979798 0.979798 0.979798 0.979798 0.979798 0.979798 0.979798 0.979798 0.979798 0.979798 0.979798 0.979798 0.979798 0.979798 0.979798 0.979798 0.979798 0.979798 0.979798 0.979798 0.979798 0.979798 0.979798 0.979798 0.979798 0.979798 0.979798 0.979798 0.979798 0.979798 0.979798 0.979798 0.979798 0.979798 0.979798 0.979798 0.979798 0.979798 0.979798 0.979798 0.979798 0.979798 0.979798 0.979798 0.979798 0.979798 0.979798 0.979798 0.979798 0.979798 0.979798 0.979798 0.979798 0.979798 0.979798 0.979798 0.979798 0.979798 0.979798 0.979798 0.979798 0.979798 0.979798 0.979798 0.979798 0.979798 0.979798 0.979798 0.979798 0.979798 0.979798 0.979628 0.979459 0.979289 0.979120 0.978950 0.978781 0.978611 0.978442 0.978272 0.978103 0.977933 0.977764 
0.979798 0.979798 0.979798 0.979798 0.979798 0.979798 0.979798 0.979798 0.979798 0.979798 0.979798 0.979798 0.979798 0.979798 0.979798 0.979798 0.979798 0.979798 0.979798 0.979798 0.979798 0.979798 0.979798 0.979798 0.979798 0.979798 0.979798 0.979798 0.979798 0.979798 0.979798 0.979798 0.979798 0.979798 0.979798 0.979798 0.979798 0.979798 0.979798 0.979798 0.979798 0.979798 0.979798 0.979798 0.979798 0.979798 0.979798 0.979798 0.979798 0.979798 0.979798 0.979798 0.979798 0.979798 0.979798 0.979798 0.979798 0.979798 0.979798 0.979798 0.979798 0.979798 0.979798 0.979798 0.979798 0.979798 0.979798 0.979798 0.979798 0.979798 0.979798 0.979798 0.979798 0.979798 0.979798 0.979798 0.979798 0.979798 0.979798 0.979798 0.979798 0.979798 0.979798 0.979798 0.979798 0.979798 0.979798 0.979798 0.979798 0.979798 0.979798 0.979798 0.979798 0.979798 0.979798 0.979798 0.979798 0.979798 0.979798 0.979798 0.979798 0.979798 0.979798 0.979798 0.979798 0.979798 0.979798 0.979798 0.979798 0.979798 0.979798 0.979798 0.979798 0.979798 0.979798 0.979798 0.979798 0.979798 0.979798 0.979798 0.979798 0.979798 0.979798 0.979798 0.979798 0.979798 0.979798 0.979798 0.979798 0.979798 0.979798 0.979798 0.979628 0.979459 0.979289 0.979120 0.978950 0.978781 0.978611 0.978442 0.978272 0.978103 0.977933 0.977764 
0.979798 0.979798 0.979798 0.979798 0.979798 0.979798 0.979798 0.979798 0.979798 0.979798 0.979798 0.979798 0.979798 0.979798 0.979798 0.979798 0.979798 0.979798 0.979798 0.979798 0.979798 0.979798 0.979798 0.979798 0.979798 0.979798 0.979798 0.979798 0.979798 0.979798 0.979798 0.979798 0.979798 0.979798 0.979798 0.979798 0.979798 0.979798 0.979798 0.979798 0.979798 0.979798 0.979798 0.979798 0.979798 0.979798 0.979798 0.979798 0.979798 0.979798 0.979798 0.979798 0.979798 0.979798 0.979798 0.979798 0.979798 0.979798 0.979798 0.979798 0.979798 0.979798 0.979798 0.979798 0.979798 0.979798 0.979798 0.979798 0.979798 0.979798 0.979798 0.979798 0.979798 0.979798 0.979798 0.979798 0.979798 0.979798 0.979798 0.979798 0.979798 0.979798 0.979798 0.979798 0.979798 0.979798 0.979798 0.979798 0.979798 0.979798 0.979798 0.979798 0.979798 0.979798 0.979798 0.979798 0.979798 0.979798 0.979798 0.979798 0.979798 0.979798 0.979798 0.979798 0.979798 0.979798 0.979798 0.979798 0.979798 0.979798 0.979798 0.979798 0.979798 0.979798 0.979798 0.979798 0.979798 0.979798 0.979798 0.979798 0.979798 0.979798 0.979798 0.979798 0.979798 0.979798 0.979798 0.979798 0.979798 0.979798 0.979798 0.979798 0.979798 0.979798 0.979798 0.979628 0.979459 0.979289 0.979120 0.978950 0.978781 0.978611 0.978442 0.978272 0.978103 0.977933 0.977764 
0.979798 0.979798 0.979798 0.979798 0.979798 0.979798 0.979798 0.979798 0.979798 0.979798 0.979798 0.979798 0.979798 0.979798 0.979798 0.979798 0.979798 0.979798 0.979798 0.979798 0.979798 0.979798 0.979798 0.979798 0.979798 0.979798 0.979798 0.979798 0.979798 0.979798 0.979798 0.979798 0.979798 0.979798 0.979798 0.979798 0.979798 0.979798 0.979798 0.979798 0.979798 0.979798 0.979798 0.979798 0.979798 0.979798 0.979798 0.979798 0.979798 0.979798 0.979798 0.979798 0.979798 0.979798 0.979798 0.979798 0.979798 0.979798 0.979798 0.979798 0.979798 0.979798 0.979798 0.979798 0.979798 0.979798 0.979798 0.979798 0.979798 0.979798 0.979798 0.979798 0.979798 0.979798 0.979798 0.979798 0.979798 0.979798 0.979798 0.979798 0.979798 0.979798 0.979798 0.979798 0.979798 0.979798 0.979798 0.979798 0.979798 0.979798 0.979798 0.979798 0.979798 0.979798 0.979798 0.979798 0.979798 0.979798 0.979798 0.979798 0.979798 0.979798 0.979798 0.979798 0.979798 0.979798 0.979798 0.979798 0.979798 0.979798 0.979798 0.979798 0.979798 0.979798 0.979798 0.979798 0.979798 0.979798 0.979798 0.979798 0.979798 0.979798 0.979798 0.979798 0.979798 0.979798 0.979798 0.979798 0.979798 0.979798 0.979798 0.979798 0.979798 0.979798 0.979798 0.979798 0.979798 0.979798 0.979628 0.979459 0.979289 0.979120 0.978950 0.978781 0.978611 0.978442 0.978272 0.978103 0.977933 0.977764 
0.979798 0.979798 0.979798 0.979798 0.979798 0.979798 0.979798 0.979798 0.979798 0.979798 0.979798 0.979798 0.979798 0.979798 0.979798 0.979798 0.979798 0.979798 0.979798 0.979798 0.979798 0.979798 0.979798 0.979798 0.979798 0.979798 0.979798 0.979798 0.979798 0.979798 0.979798 0.979798 0.979798 0.979798 0.979798 0.979798 0.979798 0.979798 0.979798 0.979798 0.979798 0.979798 0.979798 0.979798 0.979798 0.979798 0.979798 0.979798 0.979798 0.979798 0.979798 0.979798 0.979798 0.979798 0.979798 0.979798 0.979798 0.979798 0.979798 0.979798 0.979798 0.979798 0.979798 0.979798 0.979798 0.979798 0.979798 0.979798 0.979798 0.979798 0.979798 0.979798 0.979798 0.979798 0.979798 0.979798 0.979798 0.979798 0.979798 0.979798 0.979798 0.979798 0.979798 0.979798 0.979798 0.979798 0.979798 0.979798 0.979798 0.979798 0.979798 0.979798 0.979798 0.979798 0.979798 0.979798 0.979798 0.979798 0.979798 0.979798 0.979798 0.979798 0.979798 0.979798 0.979798 0.979798 0.979798 0.979798 0.979798 0.979798 0.979798 0.979798 0.979798 0.979798 0.979798 0.979798 0.979798 0.979798 0.979798 0.979798 0.979798 0.979798 0.979798 0.979798 0.979798 0.979798 0.979798 0.979798 0.979798 0.979798 0.979798 0.979798 0.979798 0.979798 0.979798 0.979798 0.979798 0.979798 0.979798 0.979798 0.979798 0.979628 0.979459 0.979289 0.979120 0.978950 0.978781 0.978611 0.978442 0.978272 0.978103 0.977933 0.977764 
0.979798 0.979798 0.979798 0.979798 0.979798 0.979798 0.979798 0.979798 0.979798 0.979798 0.979798 0.979798 0.979798 0.979798 0.979798 0.979798 0.979798 0.979798 0.979798 0.979798 0.979798 0.979798 0.979798 0.979798 0.979798 0.979798 0.979798 0.979798 0.979798 0.979798 0.979798 0.979798 0.979798 0.979798 0.979798 0.979798 0.979798 0.979798 0.979798 0.979798 0.979798 0.979798 0.979798 0.979798 0.979798 0.979798 0.979798 0.979798 0.979798 0.979798 0.979798 0.979798 0.979798 0.979798 0.979798 0.979798 0.979798 0.979798 0.979798 0.979798 0.979798 0.979798 0.979798 0.979798 0.979798 0.979798 0.979798 0.979798 0.979798 0.979798 0.979798 0.979798 0.979798 0.979798 0.979798 0.979798 0.979798 0.979798 0.979798 0.979798 0.979798 0.979798 0.979798 0.979798 0.979798 0.979798 0.979798 0.979798 0.979798 0.979798 0.979798 0.979798 0.979798 0.979798 0.979798 0.979798 0.979798 0.979798 0.979798 0.979798 0.979798 0.979798 0.979798 0.979798 0.979798 0.979798 0.979798 0.979798 0.979798 0.979798 0.979798 0.979798 0.979798 0.979798 0.979798 0.979798 0.979798 0.979798 0.979798 0.979798 0.979798 0.979798 0.979798 0.979798 0.979798 0.979798 0.979798 0.979798 0.979798 0.979798 0.979798 0.979798 0.979798 0.979798 0.979798 0.979798 0.979798 0.979798 0.979798 0.979798 0.979798 0.979798 0.979798 0.979798 0.979628 0.979459 0.979289 0.979120 0.978950 0.978781 0.978611 0.978442 0.978272 0.978103 0.977933 0.977764 
0.979798 0.979798 0.979798 0.979798 0.979798 0.979798 0.979798 0.979798 0.979798 0.979798 0.979798 0.979798 0.979798 0.979798 0.979798 0.979798 0.979798 0.979798 0.979798 0.979798 0.979798 0.979798 0.979798 0.979798 0.979798 0.979798 0.979798 0.979798 0.979798 0.979798 0.979798 0.979798 0.979798 0.979798 0.979798 0.979798 0.979798 0.979798 0.979798 0.979798 0.979798 0.979798 0.979798 0.979798 0.979798 0.979798 0.979798 0.979798 0.979798 0.979798 0.979798 0.979798 0.979798 0.979798 0.979798 0.979798 0.979798 0.979798 0.979798 0.979798 0.979798 0.979798 0.979798 0.979798 0.979798 0.979798 0.979798 0.979798 0.979798 0.979798 0.979798 0.979798 0.979798 0.979798 0.979798 0.979798 0.979798 0.979798 0.979798 0.979798 0.979798 0.979798 0.979798 0.979798 0.979798 0.979798 0.979798 0.979798 0.979798 0.979798 0.979798 0.979798 0.979798 0.979798 0.979798 0.979798 0.979798 0.979798 0.979798 0.979798 0.979798 0.979798 0.979798 0.979798 0.979798 0.979798 0.979798 0.979798 0.979798 0.979798 0.979798 0.979798 0.979798 0.979798 0.979798 0.979798 0.979798 0.979798 0.979798 0.979798 0.979798 0.979798 0.979798 0.979798 0.979798 0.979798 0.979798 0.979798 0.979798 0.979798 0.979798 0.979798 0.979798 0.979798 0.979798 0.979798 0.979798 0.979798 0.979798 0.979798 0.979798 0.979798 0.979798 0.979798 0.979798 0.979798 0.979798 0.979628 0.979459 0.979289 0.979120 0.978950 0.978781 0.978611 0.978442 0.978272 0.978103 0.977933 0.977764 
0.979798 0.979798 0.979798 0.979798 0.979798 0.979798 0.979798 0.979798 0.979798 0.979798 0.979798 0.979798 0.979798 0.979798 0.979798 0.979798 0.979798 0.979798 0.979798 0.979798 0.979798 0.979798 0.979798 0.979798 0.979798 0.979798 0.979798 0.979798 0.979798 0.979798 0.979798 0.979798 0.979798 0.979798 0.979798 0.979798 0.979798 0.979798 0.979798 0.979798 0.979798 0.979798 0.979798 0.979798 0.979798 0.979798 0.979798 0.979798 0.979798 0.979798 0.979798 0.979798 0.979798 0.979798 0.979798 0.979798 0.979798 0.979798 0.979798 0.979798 0.979798 0.979798 0.979798 0.979798 0.979798 0.979798 0.979798 0.979798 0.979798 0.979798 0.979798 0.979798 0.979798 0.979798 0.979798 0.979798 0.979798 0.979798 0.979798 0.979798 0.979798 0.979798 0.979798 0.979798 0.979798 0.979798 0.979798 0.979798 0.979798 0.979798 0.979798 0.979798 0.979798 0.979798 0.979798 0.979798 0.979798 0.979798 0.979798 0.979798 0.979798 0.979798 0.979798 0.979798 0.979798 0.979798 0.979798 0.979798 0.979798 0.979798 0.979798 0.979798 0.979798 0.979798 0.979798 0.979798 0.979798 0.979798 0.979798 0.979798 0.979798 0.979798 0.979798 0.979798 0.979798 0.979798 0.979798 0.979798 0.979798 0.979798 0.979798 0.979798 0.979798 0.979798 0.979798 0.979798 0.979798 0.979798 0.979798 0.979798 0.979798 0.979798 0.979798 0.979798 0.979798 0.979798 0.979798 0.979798 0.979798 0.979798 0.979628 0.979459 0.979289 0.979120 0.978950 0.978781 0.978611 0.978442 0.978272 0.978103 0.977933 0.977764 
0.979798 0.979798 0.979798 0.979798 0.979798 0.979798 0.979798 0.979798 0.979798 0.979798 0.979798 0.979798 0.979798 0.979798 0.979798 0.979798 0.979798 0.979798 0.979798 0.979798 0.979798 0.979798 0.979798 0.979798 0.979798 0.979798 0.979798 0.979798 0.979798 0.979798 0.979798 0.979798 0.979798 0.979798 0.979798 0.979798 0.979798 0.979798 0.979798 0.979798 0.979798 0.979798 0.979798 0.979798 0.979798 0.979798 0.979798 0.979798 0.979798 0.979798 0.979798 0.979798 0.979798 0.979798 0.979798 0.979798 0.979798 0.979798 0.979798 0.979798 0.979798 0.979798 0.979798 0.979798 0.979798 0.979798 0.979798 0.979798 0.979798 0.979798 0.979798 0.979798 0.979798 0.979798 0.979798 0.979798 0.979798 0.979798 0.979798 0.979798 0.979798 0.979798 0.979798 0.979798 0.979798 0.979798 0.979798 0.979798 0.979798 0.979798 0.979798 0.979798 0.979798 0.979798 0.979798 0.979798 0.979798 0.979798 0.979798 0.979798 0.979798 0.979798 0.979798 0.979798 0.979798 0.979798 0.979798 0.979798 0.979798 0.979798 0.979798 0.979798 0.979798 0.979798 0.979798 0.979798 0.979798 0.979798 0.979798 0.979798 0.979798 0.979798 0.979798 0.979798 0.979798 0.979798 0.979798 0.979798 0.979798 0.979798 0.979798 0.979798 0.979798 0.979798 0.979798 0.979798 0.979798 0.979798 0.979798 0.979798 0.979798 0.979798 0.979798 0.979798 0.979798 0.979798 0.979798 0.979798 0.979798 0.979798 0.979798 0.979628 0.979459 0.979289 0.979120 0.978950 0.978781 0.978611 0.978442 0.978272 0.978103 0.977933 0.977764 
0.979798 0.979798 0.979798 0.979798 0.979798 0.979798 0.979798 0.979798 0.979798 0.979798 0.979798 0.979798 0.979798 0.979798 0.979798 0.979798 0.979798 0.979798 0.979798 0.979798 0.979798 0.979798 0.979798 0.979798 0.979798 0.979798 0.979798 0.979798 0.979798 0.979798 0.979798 0.979798 0.979798 0.979798 0.979798 0.979798 0.979798 0.979798 0.979798 0.979798 0.979798 0.979798 0.979798 0.979798 0.979798 0.979798 0.979798 0.979798 0.979798 0.979798 0.979798 0.979798 0.979798 0.979798 0.979798 0.979798 0.979798 0.979798 0.979798 0.979798 0.979798 0.979798 0.979798 0.979798 0.979798 0.979798 0.979798 0.979798 0.979798 0.979798 0.979798 0.979798 0.979798 0.979798 0.979798 0.979798 0.979798 0.979798 0.979798 0.979798 0.979798 0.979798 0.979798 0.979798 0.979798 0.979798 0.979798 0.979798 0.979798 0.979798 0.979798 0.979798 0.979798 0.979798 0.979798 0.979798 0.979798 0.979798 0.979798 0.979798 0.979798 0.979798 0.979798 0.979798 0.979798 0.979798 0.979798 0.979798 0.979798 0.979798 0.979798 0.979798 0.979798 0.979798 0.979798 0.979798 0.979798 0.979798 0.979798 0.979798 0.979798 0.979798 0.979798 0.979798 0.979798 0.979798 0.979798 0.979798 0.979798 0.979798 0.979798 0.979798 0.979798 0.979798 0.979798 0.979798 0.979798 0.979798 0.979798 0.979798 0.979798 0.979798 0.979798 0.979798 0.979798 0.979798 0.979798 0.979798 0.979798 0.979798 0.979798 0.979798 0.979628 0.979459 0.979289 0.979120 0.978950 0.978781 0.978611 0.978442 0.978272 0.978103 0.977933 0.977764 
0.979798 0.979798 0.979798 0.979798 0.979798 0.979798 0.979798 0.979798 0.979798 0.979798 0.979798 0.979798 0.979798 0.979798 0.979798 0.979798 0.979798 0.979798 0.979798 0.979798 0.979798 0.979798 0.979798 0.979798 0.979798 0.979798 0.979798 0.979798 0.979798 0.979798 0.979798 0.979798 0.979798 0.979798 0.979798 0.979798 0.979798 0.979798 0.979798 0.979798 0.979798 0.979798 0.979798 0.979798 0.979798 0.979798 0.979798 0.979798 0.979798 0.979798 0.979798 0.979798 0.979798 0.979798 0.979798 0.979798 0.979798 0.979798 0.979798 0.979798 0.979798 0.979798 0.979798 0.979798 0.979798 0.979798 0.979798 0.979798 0.979798 0.979798 0.979798 0.979798 0.979798 0.979798 0.979798 0.979798 0.979798 0.979798 0.979798 0.979798 0.979798 0.979798 0.979798 0.979798 0.979798 0.979798 0.979798 0.979798 0.979798 0.979798 0.979798 0.979798 0.979798 0.979798 0.979798 0.979798 0.979798 0.979798 0.979798 0.979798 0.979798 0.979798 0.979798 0.979798 0.979798 0.979798 0.979798 0.979798 0.979798 0.979798 0.979798 0.979798 0.979798 0.979798 0.979798 0.979798 0.979798 0.979798 0.979798 0.979798 0.979798 0.979798 0.979798 0.979798 0.979798 0.979798 0.979798 0.979798 0.979798 0.979798 0.979798 0.979798 0.979798 0.979798 0.979798 0.979798 0.979798 0.979798 0.979798 0.979798 0.979798 0.979798 0.979798 0.979798 0.979798 0.979798 0.979798 0.979798 0.979798 0.979798 0.979798 0.979798 0.979798 0.979628 0.979459 0.979289 0.979120 0.978950 0.978781 0.978611 0.978442 0.978272 0.978103 0.977933 0.977764 
0.979039 0.979081 0.979123 0.979798 0.979798 0.979798 0.979798 0.979798 0.979798 0.979798 0.979798 0.979798 0.979798 0.979798 0.979798 0.979798 0.979798 0.979798 0.979798 0.979798 0.979798 0.979798 0.979798 0.979798 0.979798 0.979798 0.979798 0.979798 0.979798 0.979798 0.979798 0.979798 0.979798 0.979798 0.979798 0.979798 0.979798 0.979798 0.979798 0.979798 0.979798 0.979798 0.979798 0.979798 0.979798 0.979798 0.979798 0.979798 0.979798 0.979798 0.979798 0.979798 0.979798 0.979798 0.979798 0.979798 0.979798 0.979798 0.979798 0.979798 0.979798 0.979798 0.979798 0.979798 0.979798 0.979798 0.979798 0.979798 0.979798 0.979798 0.979798 0.979798 0.979798 0.979798 0.979798 0.979798 0.979798 0.979798 0.979798 0.979798 0.979798 0.979798 0.979798 0.979798 0.979798 0.979798 0.979798 0.979798 0.979798 0.979798 0.979798 0.979798 0.979798 0.979798 0.979798 0.979798 0.979798 0.979798 0.979798 0.979798 0.979798 0.979798 0.979798 0.979798 0.979798 0.979798 0.979798 0.979798 0.979798 0.979798 0.979798 0.979798 0.979798 0.979798 0.979798 0.979798 0.979798 0.979798 0.979798 0.979798 0.979798 0.979798 0.979798 0.979798 0.979798 0.979798 0.979798 0.979798 0.979798 0.979798 0.979798 0.979798 0.979798 0.979798 0.979798 0.979798 0.979798 0.979798 0.979798 0.979798 0.979798 0.979798 0.979798 0.979798 0.979798 0.979798 0.979798 0.979798 0.979798 0.979798 0.979798 0.979798 0.979798 0.979798 0.979798 0.979798 0.979798 0.979628 0.979459 0.979289 0.979120 0.978950 0.978781 0.978611 0.978442 0.978272 0.978103 0.977933 0.977764 
0.979067 0.979110 0.979152 0.979194 0.979236 0.979798 0.979798 0.979798 0.979798 0.979798 0.979798 0.979798 0.979798 0.979798 0.979798 0.979798 0.979798 0.979798 0.979798 0.979798 0.979798 0.979798 0.979798 0.979798 0.979798 0.979798 0.979798 0.979798 0.979798 0.979798 0.979798 0.979798 0.979798 0.979798 0.979798 0.979798 0.979798 0.979798 0.979798 0.979798 0.979798 0.979798 0.979798 0.979798 0.979798 0.979798 0.979798 0.979798 0.979798 0.979798 0.979798 0.979798 0.979798 0.979798 0.979798 0.979798 0.979798 0.979798 0.979798 0.979798 0.979798 0.979798 0.979798 0.979798 0.979798 0.979798 0.979798 0.979798 0.979798 0.979798 0.979798 0.979798 0.979798 0.979798 0.979798 0.979798 0.979798 0.979798 0.979798 0.979798 0.979798 0.979798 0.979798 0.979798 0.979798 0.979798 0.979798 0.979798 0.979798 0.979798 0.979798 0.979798 0.979798 0.979798 0.979798 0.979798 0.979798 0.979798 0.979798 0.979798 0.979798 0.979798 0.979798 0.979798 0.979798 0.979798 0.979798 0.979798 0.979798 0.979798 0.979798 0.979798 0.979798 0.979798 0.979798 0.979798 0.979798 0.979798 0.979798 0.979798 0.979798 0.979798 0.979798 0.979798 0.979798 0.979798 0.979798 0.979798 0.979798 0.979798 0.979798 0.979798 0.979798 0.979798 0.979798 0.979798 0.979798 0.979798 0.979798 0.979798 0.979798 0.979798 0.979798 0.979798 0.979798 0.979798 0.979798 0.979798 0.979798 0.979798 0.979798 0.979798 0.979798 0.979798 0.979798 0.979798 0.979798 0.979798 0.979798 0.979798 0.979628 0.979459 0.979289 0.979120 0.978950 0.978781 0.978611 0.978442 0.978272 0.978103 0.977933 0.977764 
0.979096 0.977709 0.977795 0.977880 0.979265 0.979307 0.979349 0.979798 0.979798 0.979798 0.979798 0.979798 0.979798 0.979798 0.979798 0.979798 0.979798 0.979798 0.979798 0.979798 0.979798 0.979798 0.979798 0.979798 0.979798 0.979798 0.979798 0.979798 0.979798 0.979798 0.979798 0.979798 0.979798 0.979798 0.979798 0.979798 0.979798 0.979798 0.979798 0.979798 0.979798 0.979798 0.979798 0.979798 0.979798 0.979798 0.979798 0.979798 0.979798 0.979798 0.979798 0.979798 0.979798 0.979798 0.979798 0.979798 0.979798 0.979798 0.979798 0.979798 0.979798 0.979798 0.979798 0.979798 0.979798 0.979798 0.979798 0.979798 0.979798 0.979798 0.979798 0.979798 0.979798 0.979798 0.979798 0.979798 0.979798 0.979798 0.979798 0.979798 0.979798 0.979798 0.979798 0.979798 0.979798 0.979798 0.979798 0.979798 0.979798 0.979798 0.979798 0.979798 0.979798 0.979798 0.979798 0.979798 0.979798 0.979798 0.979798 0.979798 0.979798 0.979798 0.979798 0.979798 0.979798 0.979798 0.979798 0.979798 0.979798 0.979798 0.979798 0.979798 0.979798 0.979798 0.979798 0.979798 0.979798 0.979798 0.979798 0.979798 0.979798 0.979798 0.979798 0.979798 0.979798 0.979798 0.979798 0.979798 0.979798 0.979798 0.979798 0.979798 0.979798 0.979798 0.979798 0.979798 0.979798 0.979798 0.979798 0.979798 0.979798 0.979798 0.979798 0.979798 0.979798 0.979798 0.979798 0.979798 0.979798 0.979798 0.979798 0.979798 0.979798 0.979798 0.979798 0.979798 0.979798 0.979798 0.979798 0.979798 0.979798 0.979798 0.979798 0.979628 0.979459 0.979289 0.979120 0.978950 0.978781 0.978611 0.978442 0.978272 0.978103 0.977933 0.977764 
0.979125 0.977795 0.977880 0.977965 0.978050 0.978136 0.978221 0.979420 0.979462 0.979798 0.979798 0.979798 0.979798 0.979798 0.979798 0.979798 0.979798 0.977196 0.979798 0.979798 0.979798 0.979798 0.979798 0.979798 0.979798 0.979798 0.979798 0.979798 0.979798 0.979798 0.979798 0.979798 0.979798 0.979798 0.979798 0.979798 0.979798 0.979798 0.979798 0.979798 0.979798 0.979798 0.979798 0.979798 0.979798 0.979798 0.979798 0.979798 0.979798 0.979798 0.979798 0.979798 0.979798 0.979798 0.979798 0.979798 0.979798 0.979798 0.979798 0.979798 0.979798 0.979798 0.979798 0.979798 0.979798 0.979798 0.979798 0.979798 0.979798 0.979798 0.979798 0.979798 0.979798 0.979798 0.979798 0.979798 0.979798 0.979798 0.979798 0.979798 0.979798 0.979798 0.979798 0.979798 0.979798 0.979798 0.979798 0.979798 0.979798 0.979798 0.979798 0.979798 0.979798 0.979798 0.979798 0.979798 0.979798 0.979798 0.979798 0.979798 0.979798 0.979798 0.979798 0.979798 0.979798 0.979798 0.979798 0.979798 0.979798 0.979798 0.979798 0.979798 0.979798 0.979798 0.979798 0.979798 0.979798 0.979798 0.979798 0.979798 0.979798 0.979798 0.979798 0.979798 0.979798 0.979798 0.979798 0.979798 0.979798 0.979798 0.979798 0.979798 0.979798 0.979798 0.979798 0.979798 0.979798 0.979798 0.979798 0.979798 0.979798 0.979798 0.979798 0.979798 0.979798 0.979798 0.979798 0.979798 0.979798 0.979798 0.979798 0.979798 0.979798 0.979798 0.979798 0.979798 0.979798 0.979798 0.979798 0.979798 0.979798 0.979798 0.979798 0.979798 0.979798 0.979798 0.979628 0.979459 0.979289 0.979120 0.978950 0.978781 0.978611 0.978442 0.978272 0.978103 0.977933 0.977764 
0.977880 0.977965 0.978050 0.978136 0.978221 0.978306 0.978391 0.978477 0.978562 0.979533 0.979798 0.979798 0.979798 0.979798 0.979798 0.979798 0.977307 0.977473 0.977639 0.979798 0.979798 0.979798 0.979798 0.979798 0.979798 0.979798 0.979798 0.979798 0.979798 0.979798 0.979798 0.979798 0.979798 0.979798 0.979798 0.979798 0.979798 0.979798 0.979798 0.979798 0.979798 0.979798 0.979798 0.979798 0.979798 0.979798 0.979798 0.979798 0.979798 0.979798 0.979798 0.979798 0.979798 0.979798 0.979798 0.979798 0.979798 0.979798 0.979798 0.979798 0.979798 0.979798 0.979798 0.979798 0.979798 0.979798 0.979798 0.979798 0.979798 0.979798 0.979798 0.979798 0.979798 0.979798 0.979798 0.979798 0.979798 0.979798 0.979798 0.979798 0.979798 0.979798 0.979798 0.979798 0.979798 0.979798 0.979798 0.979798 0.979798 0.979798 0.979798 0.979798 0.979798 0.979798 0.979798 0.979798 0.979798 0.979798 0.979798 0.979798 0.979798 0.979798 0.979798 0.979798 0.979798 0.979798 0.979798 0.979798 0.979798 0.979798 0.979798 0.979798 0.979798 0.979798 0.979798 0.979798 0.979798 0.979798 0.979798 0.979798 0.979798 0.979798 0.979798 0.979798 0.979798 0.979798 0.979798 0.979798 0.979798 0.979798 0.979798 0.979798 0.979798 0.979798 0.979798 0.979798 0.979798 0.979798 0.979798 0.979798 0.979798 0.979798 0.979798 0.979798 0.979798 0.979798 0.979798 0.979798 0.979798 0.979798 0.979798 0.979798 0.979798 0.979798 0.979798 0.979798 0.979798 0.979798 0.979798 0.979798 0.979798 0.979798 0.979798 0.979798 0.979798 0.979798 0.979798 0.979628 0.979459 0.979289 0.979120 0.978950 0.978781 0.978611 0.978442 0.978272 0.978103 0.977933 0.977764 
0.979182 0.977965 0.978050 0.978136 0.978221 0.978306 0.978391 0.978477 0.978562 0.978647 0.978732 0.978818 0.979688 0.979798 0.979798 0.979798 0.977417 0.977583 0.977750 0.977916 0.979798 0.979798 0.979798 0.979798 0.979798 0.979798 0.979798 0.979798 0.979798 0.979798 0.979798 0.979798 0.979798 0.979798 0.979798 0.979798 0.979798 0.979798 0.979798 0.979798 0.979798 0.979798 0.979798 0.979798 0.979798 0.979798 0.979798 0.979798 0.979798 0.979798 0.979798 0.979798 0.979798 0.979798 0.979798 0.979798 0.979798 0.979798 0.979798 0.979798 0.979798 0.979798 0.979798 0.979798 0.979798 0.979798 0.979798 0.979798 0.979798 0.979798 0.979798 0.979798 0.979798 0.979798 0.979798 0.979798 0.979798 0.979798 0.979798 0.979798 0.979798 0.979798 0.979798 0.979798 0.979798 0.979798 0.979798 0.979798 0.979798 0.979798 0.979798 0.979798 0.979798 0.979798 0.979798 0.979798 0.979798 0.979798 0.979798 0.979798 0.979798 0.979798 0.979798 0.979798 0.979798 0.979798 0.979798 0.979798 0.979798 0.979798 0.979798 0.979798 0.979798 0.979798 0.979798 0.979798 0.979798 0.979798 0.979798 0.979798 0.979798 0.979798 0.979798 0.979798 0.979798 0.979798 0.979798 0.979798 0.979798 0.979798 0.979798 0.979798 0.979798 0.979798 0.979798 0.979798 0.979798 0.979798 0.979798 0.979798 0.979798 0.979798 0.979798 0.979798 0.979798 0.979798 0.979798 0.979798 0.979798 0.979798 0.979798 0.979798 0.979798 0.979798 0.979798 0.979798 0.979798 0.979798 0.979798 0.979798 0.979798 0.979798 0.979798 0.979798 0.979798 0.979798 0.979798 0.979798 0.979628 0.979459 0.979289 0.979120 0.978950 0.978781 0.978611 0.978442 0.978272 0.978103 0.977933 0.977764 
0.979211 0.978050 0.978136 0.978221 0.978306 0.978391 0.978477 0.978562 0.978647 0.978732 0.978818 0.978903 0.978988 0.979073 0.979159 0.979798 0.977528 0.977694 0.977860 0.978026 0.978192 0.979798 0.979798 0.979798 0.979798 0.979798 0.979798 0.979798 0.979798 0.979798 0.979798 0.979798 0.979798 0.979798 0.979798 0.979798 0.979798 0.979798 0.979798 0.979798 0.979798 0.979798 0.979798 0.979798 0.979798 0.979798 0.979798 0.979798 0.979798 0.979798 0.979798 0.979798 0.979798 0.979798 0.979798 0.979798 0.979798 0.979798 0.979798 0.979798 0.979798 0.979798 0.979798 0.979798 0.979798 0.979798 0.979798 0.979798 0.979798 0.979798 0.979798 0.979798 0.979798 0.979798 0.979798 0.979798 0.979798 0.979798 0.979798 0.979798 0.979798 0.979798 0.979798 0.979798 0.979798 0.979798 0.979798 0.979798 0.979798 0.979798 0.979798 0.979798 0.979798 0.979798 0.979798 0.979798 0.979798 0.979798 0.979798 0.979798 0.979798 0.979798 0.979798 0.979798 0.979798 0.979798 0.979798 0.979798 0.979798 0.979798 0.979798 0.979798 0.979798 0.979798 0.979798 0.979798 0.979798 0.979798 0.979798 0.979798 0.979798 0.979798 0.979798 0.979798 0.979798 0.979798 0.979798 0.979798 0.979798 0.979798 0.979798 0.979798 0.979798 0.979798 0.979798 0.979798 0.979798 0.979798 0.979798 0.979798 0.979798 0.979798 0.979798 0.979798 0.979798 0.979798 0.979798 0.979798 0.979798 0.979798 0.979798 0.979798 0.979798 0.979798 0.979798 0.979798 0.979798 0.979798 0.979798 0.979798 0.979798 0.979798 0.979798 0.979798 0.979798 0.979798 0.979798 0.979798 0.979798 0.979628 0.979459 0.979289 0.979120 0.978950 0.978781 0.978611 0.978442 0.978272 0.978103 0.977933 0.977764 
0.978136 0.978221 0.978306 0.978391 0.978477 0.978562 0.978647 0.978732 0.978818 0.978903 0.978988 0.979073 0.979159 0.979244 0.977639 0.977805 0.977971 0.978137 0.978303 0.978469 0.979798 0.979798 0.979798 0.979798 0.979798 0.979798 0.979798 0.979798 0.979798 0.979798 0.979798 0.979798 0.979798 0.979798 0.979798 0.979798 0.979798 0.979798 0.979798 0.979798 0.979798 0.979798 0.979798 0.979798 0.979798 0.979798 0.979798 0.979798 0.979798 0.979798 0.979798 0.979798 0.979798 0.979798 0.979798 0.979798 0.979798 0.979798 0.979798 0.979798 0.979798 0.979798 0.979798 0.979798 0.979798 0.979798 0.979798 0.979798 0.979798 0.979798 0.979798 0.979798 0.979798 0.979798 0.979798 0.979798 0.979798 0.979798 0.979798 0.979798 0.979798 0.979798 0.979798 0.979798 0.979798 0.979798 0.979798 0.979798 0.979798 0.979798 0.979798 0.979798 0.979798 0.979798 0.979798 0.979798 0.979798 0.979798 0.979798 0.979798 0.979798 0.979798 0.979798 0.979798 0.979798 0.979798 0.979798 0.979798 0.979798 0.979798 0.979798 0.979798 0.979798 0.979798 0.979798 0.979798 0.979798 0.979798 0.979798 0.979798 0.979798 0.979798 0.979798 0.979798 0.979798 0.979798 0.979798 0.979798 0.979798 0.979798 0.979798 0.979798 0.979798 0.979798 0.979798 0.979798 0.979798 0.979798 0.979798 0.979798 0.979798 0.979798 0.979798 0.979798 0.979798 0.979798 0.979798 0.979798 0.979798 0.979798 0.979798 0.979798 0.979798 0.979798 0.979798 0.979798 0.979798 0.979798 0.979798 0.979798 0.979798 0.979798 0.979798 0.979798 0.979798 0.979798 0.979798 0.979798 0.979798 0.979628 0.979459 0.979289 0.979120 0.978950 0.978781 0.978611 0.978442 0.978272 0.978103 0.977933 0.977764 
0.979268 0.978221 0.978306 0.978391 0.978477 0.978562 0.978647 0.978732 0.978818 0.978903 0.978988 0.979073 0.979159 0.979244 0.977750 0.977916 0.978082 0.978248 0.978414 0.978580 0.978746 0.979798 0.979798 0.979798 0.979798 0.979798 0.979798 0.979798 0.979798 0.979798 0.979798 0.979798 0.979798 0.979798 0.979798 0.979798 0.979798 0.979798 0.979798 0.979798 0.979798 0.979798 0.979798 0.979798 0.979798 0.979798 0.979798 0.979798 0.979798 0.979798 0.979798 0.979798 0.979798 0.979798 0.979798 0.979798 0.979798 0.979798 0.979798 0.979798 0.979798 0.979798 0.979798 0.979798 0.979798 0.979798 0.979798 0.979798 0.979798 0.979798 0.979798 0.979798 0.979798 0.979798 0.979798 0.979798 0.979798 0.979798 0.979798 0.979798 0.979798 0.979798 0.979798 0.979798 0.979798 0.979798 0.979798 0.979798 0.979798 0.979798 0.979798 0.979798 0.979798 0.979798 0.979798 0.979798 0.979798 0.979798 0.979798 0.979798 0.979798 0.979798 0.979798 0.979798 0.979798 0.979798 0.979798 0.979798 0.979798 0.979798 0.979798 0.979798 0.979798 0.979798 0.979798 0.979798 0.979798 0.979798 0.979798 0.979798 0.979798 0.979798 0.979798 0.979798 0.979798 0.979798 0.979798 0.979798 0.979798 0.979798 0.979798 0.979798 0.979798 0.979798 0.979798 0.979798 0.979798 0.979798 0.979798 0.979798 0.979798 0.979798 0.979798 0.979798 0.979798 0.979798 0.979798 0.979798 0.979798 0.979798 0.979798 0.979798 0.979798 0.979798 0.979798 0.979798 0.979798 0.979798 0.979798 0.979798 0.979798 0.979798 0.979798 0.979798 0.979798 0.979798 0.979798 0.979798 0.979798 0.979798 0.979628 0.979459 0.979289 0.979120 0.978950 0.978781 0.978611 0.978442 0.978272 0.978103 0.977933 0.977764 
0.978306 0.978391 0.978477 0.978562 0.978647 0.978732 0.978818 0.978903 0.978988 0.979073 0.979159 0.979244 0.979329 0.977860 0.978026 0.978192 0.978359 0.978525 0.978691 0.978857 0.979023 0.979798 0.979798 0.979798 0.979798 0.979798 0.979798 0.979798 0.979798 0.979798 0.979798 0.979798 0.979798 0.979798 0.979798 0.979798 0.979798 0.979798 0.979798 0.979798 0.979798 0.979798 0.979798 0.979798 0.979798 0.979798 0.979798 0.979798 0.979798 0.979798 0.979798 0.979798 0.979798 0.979798 0.979798 0.979798 0.979798 0.979798 0.979798 0.979798 0.979798 0.979798 0.979798 0.979798 0.979798 0.979798 0.979798 0.979798 0.979798 0.979798 0.979798 0.979798 0.979798 0.979798 0.979798 0.979798 0.979798 0.979798 0.979798 0.979798 0.979798 0.979798 0.979798 0.979798 0.979798 0.979798 0.979798 0.979798 0.979798 0.979798 0.979798 0.979798 0.979798 0.979798 0.979798 0.979798 0.979798 0.979798 0.979798 0.979798 0.979798 0.979798 0.979798 0.979798 0.979798 0.979798 0.979798 0.979798 0.979798 0.979798 0.979798 0.979798 0.979798 0.979798 0.979798 0.979798 0.979798 0.979798 0.979798 0.979798 0.979798 0.979798 0.979798 0.979798 0.979798 0.979798 0.979798 0.979798 0.979798 0.979798 0.979798 0.979798 0.979798 0.979798 0.979798 0.979798 0.979798 0.979798 0.979798 0.979798 0.979798 0.979798 0.979798 0.979798 0.979798 0.979798 0.979798 0.979798 0.979798 0.979798 0.979798 0.979798 0.979798 0.979798 0.979798 0.979798 0.979798 0.979798 0.979798 0.979798 0.979798 0.979798 0.979798 0.979798 0.979798 0.979798 0.979798 0.979798 0.979798 0.979798 0.979628 0.979459 0.979289 0.979120 0.978950 0.978781 0.978611 0.978442 0.978272 0.978103 0.977933 0.977764 
0.979325 0.978391 0.978477 0.978562 0.978647 0.978732 0.978818 0.978903 0.978988 0.979073 0.979159 0.979244 0.977971 0.978137 0.978303 0.978469 0.978635 0.978801 0.978968 0.979134 0.979300 0.979466 0.979798 0.979798 0.979798 0.979798 0.979798 0.979798 0.979798 0.979798 0.979798 0.979798 0.979798 0.979798 0.979798 0.979798 0.979798 0.979798 0.979798 0.979798 0.979798 0.979798 0.979798 0.979798 0.979798 0.979798 0.979798 0.979798 0.979798 0.979798 0.979798 0.979798 0.979798 0.979798 0.979798 0.979798 0.979798 0.979798 0.979798 0.979798 0.979798 0.979798 0.979798 0.979798 0.979798 0.979798 0.979798 0.979798 0.979798 0.979798 0.979798 0.979798 0.979798 0.979798 0.979798 0.979798 0.979798 0.979798 0.979798 0.979798 0.979798 0.979798 0.979798 0.979798 0.979798 0.979798 0.979798 0.979798 0.979798 0.979798 0.979798 0.979798 0.979798 0.979798 0.979798 0.979798 0.979798 0.979798 0.979798 0.979798 0.979798 0.979798 0.979798 0.979798 0.979798 0.979798 0.979798 0.979798 0.979798 0.979798 0.979798 0.979798 0.979798 0.979798 0.979798 0.979798 0.979798 0.979798 0.979798 0.979798 0.979798 0.979798 0.979798 0.979798 0.979798 0.979798 0.979798 0.979798 0.979798 0.979798 0.979798 0.979798 0.979798 0.979798 0.979798 0.979798 0.979798 0.979798 0.979798 0.979798 0.979798 0.979798 0.979798 0.979798 0.979798 0.979798 0.979798 0.979798 0.979798 0.979798 0.979798 0.979798 0.979798 0.979798 0.979798 0.979798 0.979798 0.979798 0.979798 0.979798 0.979798 0.979798 0.979798 0.979798 0.979798 0.979798 0.979798 0.979798 0.979798 0.979798 0.979798 0.979628 0.979459 0.979289 0.979120 0.978950 0.978781 0.978611 0.978442 0.978272 0.978103 0.977933 0.977764 
0.979354 0.978477 0.978562 0.978647 0.978732 0.978818 0.978903 0.978988 0.979073 0.979159 0.979244 0.979329 0.978082 0.978248 0.978414 0.978580 0.978746 0.978912 0.979078 0.979244 0.979410 0.979577 0.979798 0.979798 0.979798 0.979798 0.979798 0.979798 0.979798 0.979798 0.979798 0.979798 0.979798 0.979798 0.979798 0.979798 0.979798 0.979798 0.979798 0.979798 0.979798 0.979798 0.979798 0.979798 0.979798 0.979798 0.979798 0.979798 0.979798 0.979798 0.979798 0.979798 0.979798 0.979798 0.979798 0.979798 0.979798 0.979798 0.979798 0.979798 0.979798 0.979798 0.979798 0.979798 0.979798 0.979798 0.979798 0.979798 0.979798 0.979798 0.979798 0.979798 0.979798 0.979798 0.979798 0.979798 0.979798 0.979798 0.979798 0.979798 0.979798 0.979798 0.979798 0.979798 0.979798 0.979798 0.979798 0.979798 0.979798 0.979798 0.979798 0.979798 0.979798 0.979798 0.979798 0.979798 0.979798 0.979798 0.979798 0.979798 0.979798 0.979798 0.979798 0.979798 0.979798 0.979798 0.979798 0.979798 0.979798 0.979798 0.979798 0.979798 0.979798 0.979798 0.979798 0.979798 0.979798 0.979798 0.979798 0.979798 0.979798 0.979798 0.979798 0.979798 0.979798 0.979798 0.979798 0.979798 0.979798 0.979798 0.979798 0.979798 0.979798 0.979798 0.979798 0.979798 0.979798 0.979798 0.979798 0.979798 0.979798 0.979798 0.979798 0.979798 0.979798 0.979798 0.979798 0.979798 0.979798 0.979798 0.979798 0.979798 0.979798 0.979798 0.979798 0.979798 0.979798 0.979798 0.979798 0.979798 0.979798 0.979798 0.979798 0.979798 0.979798 0.979798 0.979798 0.979798 0.979798 0.979798 0.979798 0.979798 0.979628 0.979459 0.979289 0.979120 0.978950 0.978781 0.978611 0.978442 0.978272 0.978103 0.977933 0.977764 
0.978562 0.978647 0.978732 0.978818 0.978903 0.978988 0.979073 0.979159 0.979244 0.979329 0.979414 0.978192 0.978359 0.978525 0.978691 0.978857 0.979023 0.979189 0.979355 0.979521 0.979687 0.979798 0.979798 0.979798 0.979798 0.979798 0.979798 0.979798 0.979798 0.979798 0.979798 0.979798 0.979798 0.979798 0.979798 0.979798 0.979798 0.979798 0.979798 0.979798 0.979798 0.979798 0.979798 0.979798 0.979798 0.979798 0.979798 0.979798 0.979798 0.979798 0.979798 0.979798 0.979798 0.979798 0.979798 0.979798 0.979798 0.979798 0.979798 0.979798 0.979798 0.979798 0.979798 0.979798 0.979798 0.979798 0.979798 0.979798 0.979798 0.979798 0.979798 0.979798 0.979798 0.979798 0.979798 0.979798 0.979798 0.979798 0.979798 0.979798 0.979798 0.979798 0.979798 0.979798 0.979798 0.979798 0.979798 0.979798 0.979798 0.979798 0.979798 0.979798 0.979798 0.979798 0.979798 0.979798 0.979798 0.979798 0.979798 0.979798 0.979798 0.979798 0.979798 0.979798 0.979798 0.979798 0.979798 0.979798 0.979798 0.979798 0.979798 0.979798 0.979798 0.979798 0.979798 0.979798 0.979798 0.979798 0.979798 0.979798 0.979798 0.979798 0.979798 0.979798 0.979798 0.979798 0.979798 0.979798 0.979798 0.979798 0.979798 0.979798 0.979798 0.979798 0.979798 0.979798 0.979798 0.979798 0.979798 0.979798 0.979798 0.979798 0.979798 0.979798 0.979798 0.979798 0.979798 0.979798 0.979798 0.979798 0.979798 0.979798 0.979798 0.979798 0.979798 0.979798 0.979798 0.979798 0.979798 0.979798 0.979798 0.979798 0.979798 0.979798 0.979798 0.979798 0.979798 0.979798 0.979798 0.979798 0.979798 0.979798 0.979628 0.979459 0.979289 0.979120 0.978950 0.978781 0.978611 0.978442 0.978272 0.978103 0.977933 0.977764 
0.979411 0.978647 0.978732 0.978818 0.978903 0.978988 0.979073 0.979159 0.979244 0.979329 0.978303 0.978469 0.978635 0.978801 0.978968 0.979134 0.979300 0.979466 0.979632 0.979798 0.979798 0.979798 0.979798 0.979798 0.979798 0.979798 0.979798 0.979798 0.979798 0.979798 0.979798 0.979798 0.979798 0.979798 0.979798 0.979798 0.979798 0.979798 0.979798 0.979798 0.979798 0.979798 0.979798 0.979798 0.979798 0.979798 0.979798 0.979798 0.979798 0.979798 0.979798 0.979798 0.979798 0.979798 0.979798 0.979798 0.979798 0.979798 0.979798 0.979798 0.979798 0.979798 0.979798 0.979798 0.979798 0.979798 0.979798 0.979798 0.979798 0.979798 0.979798 0.979798 0.979798 0.979798 0.979798 0.979798 0.979798 0.979798 0.979798 0.979798 0.979798 0.979798 0.979798 0.979798 0.979798 0.979798 0.979798 0.979798 0.979798 0.979798 0.979798 0.979798 0.979798 0.979798 0.979798 0.979798 0.979798 0.979798 0.979798 0.979798 0.979798 0.979798 0.979798 0.979798 0.979798 0.979798 0.979798 0.979798 0.979798 0.979798 0.979798 0.979798 0.979798 0.979798 0.979798 0.979798 0.979798 0.979798 0.979798 0.979798 0.979798 0.979798 0.979798 0.979798 0.979798 0.979798 0.979798 0.979798 0.979798 0.979798 0.979798 0.979798 0.979798 0.979798 0.979798 0.979798 0.979798 0.979798 0.979798 0.979798 0.979798 0.979798 0.979798 0.979798 0.979798 0.979798 0.979798 0.979798 0.979798 0.979798 0.979798 0.979798 0.979798 0.979798 0.979798 0.979798 0.979798 0.979798 0.979798 0.979798 0.979798 0.979798 0.979798 0.979798 0.979798 0.979798 0.979798 0.979798 0.979798 0.979798 0.979798 0.979798 0.979798 0.979628 0.979459 0.979289 0.979120 0.978950 0.978781 0.978611 0.978442 0.978272 0.978103 0.977933 0.977764 
0.978732 0.978818 0.978903 0.978988 0.979073 0.979159 0.979244 0.979329 0.979414 0.978414 0.978580 0.978746 0.978912 0.979078 0.979244 0.979410 0.979577 0.979743 0.979798 0.979798 0.979798 0.979798 0.979798 0.979798 0.979798 0.979798 0.979798 0.979798 0.979798 0.979798 0.979798 0.979798 0.979798 0.979798 0.979798 0.979798 0.979798 0.979798 0.979798 0.979798 0.979798 0.979798 0.979798 0.979798 0.979798 0.979798 0.979798 0.979798 0.979798 0.979798 0.979798 0.979798 0.979798 0.979798 0.979798 0.979798 0.979798 0.979798 0.979798 0.979798 0.979798 0.979798 0.979798 0.979798 0.979798 0.979798 0.979798 0.979798 0.979798 0.979798 0.979798 0.979798 0.979798 0.979798 0.979798 0.979798 0.979798 0.979798 0.979798 0.979798 0.979798 0.979798 0.979798 0.979798 0.979798 0.979798 0.979798 0.979798 0.979798 0.979798 0.979798 0.979798 0.979798 0.979798 0.979798 0.979798 0.979798 0.979798 0.979798 0.979798 0.979798 0.979798 0.979798 0.979798 0.979798 0.979798 0.979798 0.979798 0.979798 0.979798 0.979798 0.979798 0.979798 0.979798 0.979798 0.979798 0.979798 0.979798 0.979798 0.979798 0.979798 0.979798 0.979798 0.979798 0.979798 0.979798 0.979798 0.979798 0.979798 0.979798 0.979798 0.979798 0.979798 0.979798 0.979798 0.979798 0.979798 0.979798 0.979798 0.979798 0.979798 0.979798 0.979798 0.979798 0.979798 0.979798 0.979798 0.979798 0.979798 0.979798 0.979798 0.979798 0.979798 0.979798 0.979798 0.979798 0.979798 0.979798 0.979798 0.979798 0.979798 0.979798 0.979798 0.979798 0.979798 0.979798 0.979798 0.979798 0.979798 0.979798 0.979798 0.979798 0.979798 0.979628 0.979459 0.979289 0.979120 0.978950 0.978781 0.978611 0.978442 0.978272 0.978103 0.977933 0.977764 
0.979469 0.978818 0.978903 0.978988 0.979073 0.979159 0.979244 0.979329 0.979414 0.978525 0.978691 0.978857 0.979023 0.979189 0.979355 0.979521 0.979687 0.979798 0.979798 0.979798 0.979798 0.979798 0.979798 0.979798 0.979798 0.979798 0.979798 0.979798 0.979798 0.979798 0.979798 0.979798 0.979798 0.979798 0.979798 0.979798 0.979798 0.979798 0.979798 0.979798 0.979798 0.979798 0.979798 0.979798 0.979798 0.979798 0.979798 0.979798 0.979798 0.979798 0.979798 0.979798 0.979798 0.979798 0.979798 0.979798 0.979798 0.979798 0.979798 0.979798 0.979798 0.979798 0.979798 0.979798 0.979798 0.979798 0.979798 0.979798 0.979798 0.979798 0.979798 0.979798 0.979798 0.979798 0.979798 0.979798 0.979798 0.979798 0.979798 0.979798 0.979798 0.979798 0.979798 0.979798 0.979798 0.979798 0.979798 0.979798 0.979798 0.979798 0.979798 0.979798 0.979798 0.979798 0.979798 0.979798 0.979798 0.979798 0.979798 0.979798 0.979798 0.979798 0.979798 0.979798 0.979798 0.979798 0.979798 0.979798 0.979798 0.979798 0.979798 0.979798 0.979798 0.979798 0.979798 0.979798 0.979798 0.979798 0.979798 0.979798 0.979798 0.979798 0.979798 0.979798 0.979798 0.979798 0.979798 0.979798 0.979798 0.979798 0.979798 0.979798 0.979798 0.979798 0.979798 0.979798 0.979798 0.979798 0.979798 0.979798 0.979798 0.979798 0.979798 0.979798 0.979798 0.979798 0.979798 0.979798 0.979798 0.979798 0.979798 0.979798 0.979798 0.979798 0.979798 0.979798 0.979798 0.979798 0.979798 0.979798 0.979798 0.979798 0.979798 0.979798 0.979798 0.979798 0.979798 0.979798 0.979798 0.979798 0.979798 0.979798 0.979798 0.979798 0.979628 0.979459 0.979289 0.979120 0.978950 0.978781 0.978611 0.978442 0.978272 0.978103 0.977933 0.977764 
0.978903 0.978988 0.979073 0.979159 0.979244 0.979329 0.979414 0.978635 0.978801 0.978968 0.979134 0.979300 0.979466 0.979632 0.979798 0.979798 0.979798 0.979798 0.979798 0.979798 0.979798 0.979798 0.979798 0.979798 0.979798 0.979798 0.979798 0.979798 0.979798 0.979798 0.979798 0.979798 0.979798 0.979798 0.979798 0.979798 0.979798 0.979798 0.979798 0.979798 0.979798 0.979798 0.979798 0.979798 0.979798 0.979798 0.979798 0.979798 0.979798 0.979798 0.979798 0.979798 0.979798 0.979798 0.979798 0.979798 0.979798 0.979798 0.979798 0.979798 0.979798 0.979798 0.979798 0.979798 0.979798 0.979798 0.979798 0.979798 0.979798 0.979798 0.979798 0.979798 0.979798 0.979798 0.979798 0.979798 0.979798 0.979798 0.979798 0.979798 0.979798 0.979798 0.979798 0.979798 0.979798 0.979798 0.979798 0.979798 0.979798 0.979798 0.979798 0.979798 0.979798 0.979798 0.979798 0.979798 0.979798 0.979798 0.979798 0.979798 0.979798 0.979798 0.979798 0.979798 0.979798 0.979798 0.979798 0.979798 0.979798 0.979798 0.979798 0.979798 0.979798 0.979798 0.979798 0.979798 0.979798 0.979798 0.979798 0.979798 0.979798 0.979798 0.979798 0.979798 0.979798 0.979798 0.979798 0.979798 0.979798 0.979798 0.979798 0.979798 0.979798 0.979798 0.979798 0.979798 0.979798 0.979798 0.979798 0.979798 0.979798 0.979798 0.979798 0.979798 0.979798 0.979798 0.979798 0.979798 0.979798 0.979798 0.979798 0.979798 0.979798 0.979798 0.979798 0.979798 0.979798 0.979798 0.979798 0.979798 0.979798 0.979798 0.979798 0.979798 0.979798 0.979798 0.979798 0.979798 0.979798 0.979798 0.979798 0.979798 0.979798 0.979798 0.979628 0.979459 0.979289 0.979120 0.978950 0.978781 0.978611 0.978442 0.978272 0.978103 0.977933 0.977764 
0.978988 0.979073 0.979159 0.979244 0.979329 0.979414 0.979500 0.978746 0.978912 0.979078 0.979244 0.979410 0.979577 0.979743 0.979798 0.979798 0.979798 0.979798 0.979798 0.979798 0.979798 0.979798 0.979798 0.979798 0.979798 0.979798 0.979798 0.979798 0.979798 0.979798 0.979798 0.979798 0.979798 0.979798 0.979798 0.979798 0.979798 0.979798 0.979798 0.979798 0.979798 0.979798 0.979798 0.979798 0.979798 0.979798 0.979798 0.979798 0.979798 0.979798 0.979798 0.979798 0.979798 0.979798 0.979798 0.979798 0.979798 0.979798 0.979798 0.979798 0.979798 0.979798 0.979798 0.979798 0.979798 0.979798 0.979798 0.979798 0.979798 0.979798 0.979798 0.979798 0.979798 0.979798 0.979798 0.979798 0.979798 0.979798 0.979798 0.979798 0.979798 0.979798 0.979798 0.979798 0.979798 0.979798 0.979798 0.979798 0.979798 0.979798 0.979798 0.979798 0.979798 0.979798 0.979798 0.979798 0.979798 0.979798 0.979798 0.979798 0.979798 0.979798 0.979798 0.979798 0.979798 0.979798 0.979798 0.979798 0.979798 0.979798 0.979798 0.979798 0.979798 0.979798 0.979798 0.979798 0.979798 0.979798 0.979798 0.979798 0.979798 0.979798 0.979798 0.979798 0.979798 0.979798 0.979798 0.979798 0.979798 0.979798 0.979798 0.979798 0.979798 0.979798 0.979798 0.979798 0.979798 0.979798 0.979798 0.979798 0.979798 0.979798 0.979798 0.979798 0.979798 0.979798 0.979798 0.979798 0.979798 0.979798 0.979798 0.979798 0.979798 0.979798 0.979798 0.979798 0.979798 0.979798 0.979798 0.979798 0.979798 0.979798 0.979798 0.979798 0.979798 0.979798 0.979798 0.979798 0.979798 0.979798 0.979798 0.979798 0.979798 0.979798 0.979798 0.979628 0.979459 0.979289 0.979120 0.978950 0.978781 0.978611 0.978442 0.978272 0.978103 0.977933 0.977764 
0.979554 0.979073 0.979159 0.979244 0.979329 0.979414 0.979500 0.978857 0.979023 0.979189 0.979355 0.979521 0.979687 0.979798 0.979798 0.979798 0.979798 0.979798 0.979798 0.979798 0.979798 0.979798 0.979798 0.979798 0.979798 0.979798 0.979798 0.979798 0.979798 0.979798 0.979798 0.979798 0.979798 0.979798 0.979798 0.979798 0.979798 0.979798 0.979798 0.979798 0.979798 0.979798 0.979798 0.979798 0.979798 0.979798 0.979798 0.979798 0.979798 0.979798 0.979798 0.979798 0.979798 0.979798 0.979798 0.979798 0.979798 0.979798 0.979798 0.979798 0.979798 0.979798 0.979798 0.979798 0.979798 0.979798 0.979798 0.979798 0.979798 0.979798 0.979798 0.979798 0.979798 0.979798 0.979798 0.979798 0.979798 0.979798 0.979798 0.979798 0.979798 0.979798 0.979798 0.979798 0.979798 0.979798 0.979798 0.979798 0.979798 0.979798 0.979798 0.979798 0.979798 0.979798 0.979798 0.979798 0.979798 0.979798 0.979798 0.979798 0.979798 0.979798 0.979798 0.979798 0.979798 0.979798 0.979798 0.979798 0.979798 0.979798 0.979798 0.979798 0.979798 0.979798 0.979798 0.979798 0.979798 0.979798 0.979798 0.979798 0.979798 0.979798 0.979798 0.979798 0.979798 0.979798 0.979798 0.979798 0.979798 0.979798 0.979798 0.979798 0.979798 0.979798 0.979798 0.979798 0.979798 0.979798 0.979798 0.979798 0.979798 0.979798 0.979798 0.979798 0.979798 0.979798 0.979798 0.979798 0.979798 0.979798 0.979798 0.979798 0.979798 0.979798 0.979798 0.979798 0.979798 0.979798 0.979798 0.979798 0.979798 0.979798 0.979798 0.979798 0.979798 0.979798 0.979798 0.979798 0.979798 0.979798 0.979798 0.979798 0.979798 0.979798 0.979798 0.979798 0.979628 0.979459 0.979289 0.979120 0.978950 0.978781 0.978611 0.978442 0.978272 0.978103 0.977933 0.977764 
0.979159 0.979244 0.979329 0.979414 0.979500 0.978968 0.979134 0.979300 0.979466 0.979632 0.979798 0.979798 0.979798 0.979798 0.979798 0.979798 0.979798 0.979798 0.979798 0.979798 0.979798 0.979798 0.979798 0.979798 0.979798 0.979798 0.979798 0.979798 0.979798 0.979798 0.979798 0.979798 0.979798 0.979798 0.979798 0.979798 0.979798 0.979798 0.979798 0.979798 0.979798 0.979798 0.979798 0.979798 0.979798 0.979798 0.979798 0.979798 0.979798 0.979798 0.979798 0.979798 0.979798 0.979798 0.979798 0.979798 0.979798 0.979798 0.979798 0.979798 0.979798 0.979798 0.979798 0.979798 0.979798 0.979798 0.979798 0.979798 0.979798 0.979798 0.979798 0.979798 0.979798 0.979798 0.979798 0.979798 0.979798 0.979798 0.979798 0.979798 0.979798 0.979798 0.979798 0.979798 0.979798 0.979798 0.979798 0.979798 0.979798 0.979798 0.979798 0.979798 0.979798 0.979798 0.979798 0.979798 0.979798 0.979798 0.979798 0.979798 0.979798 0.979798 0.979798 0.979798 0.979798 0.979798 0.979798 0.979798 0.979798 0.979798 0.979798 0.979798 0.979798 0.979798 0.979798 0.979798 0.979798 0.979798 0.979798 0.979798 0.979798 0.979798 0.979798 0.979798 0.979798 0.979798 0.979798 0.979798 0.979798 0.979798 0.979798 0.979798 0.979798 0.979798 0.979798 0.979798 0.979798 0.979798 0.979798 0.979798 0.979798 0.979798 0.979798 0.979798 0.979798 0.979798 0.979798 0.979798 0.979798 0.979798 0.979798 0.979798 0.979798 0.979798 0.979798 0.979798 0.979798 0.979798 0.979798 0.979798 0.979798 0.979798 0.979798 0.979798 0.979798 0.979798 0.979798 0.979798 0.979798 0.979798 0.979798 0.979798 0.979798 0.979798 0.979798 0.979798 0.979628 0.979459 0.979289 0.979120 0.978950 0.978781 0.978611 0.978442 0.978272 0.978103 0.977933 0.977764 
0.979244 0.979329 0.979414 0.979500 0.979585 0.979078 0.979244 0.979410 0.979577 0.979743 0.979798 0.979798 0.979798 0.979798 0.979798 0.979798 0.979798 0.979798 0.979798 0.979798 0.979798 0.979798 0.979798 0.979798 0.979798 0.979798 0.979798 0.979798 0.979798 0.979798 0.979798 0.979798 0.979798 0.979798 0.979798 0.979798 0.979798 0.979798 0.979798 0.979798 0.979798 0.979798 0.979798 0.979798 0.979798 0.979798 0.979798 0.979798 0.979798 0.979798 0.979798 0.979798 0.979798 0.979798 0.979798 0.979798 0.979798 0.979798 0.979798 0.979798 0.979798 0.979798 0.979798 0.979798 0.979798 0.979798 0.979798 0.979798 0.979798 0.979798 0.979798 0.979798 0.979798 0.979798 0.979798 0.979798 0.979798 0.979798 0.979798 0.979798 0.979798 0.979798 0.979798 0.979798 0.979798 0.979798 0.979798 0.979798 0.979798 0.979798 0.979798 0.979798 0.979798 0.979798 0.979798 0.979798 0.979798 0.979798 0.979798 0.979798 0.979798 0.979798 0.979798 0.979798 0.979798 0.979798 0.979798 0.979798 0.979798 0.979798 0.979798 0.979798 0.979798 0.979798 0.979798 0.979798 0.979798 0.979798 0.979798 0.979798 0.979798 0.979798 0.979798 0.979798 0.979798 0.979798 0.979798 0.979798 0.979798 0.979798 0.979798 0.979798 0.979798 0.979798 0.979798 0.979798 0.979798 0.979798 0.979798 0.979798 0.979798 0.979798 0.979798 0.979798 0.979798 0.979798 0.979798 0.979798 0.979798 0.979798 0.979798 0.979798 0.979798 0.979798 0.979798 0.979798 0.979798 0.979798 0.979798 0.979798 0.979798 0.979798 0.979798 0.979798 0.979798 0.979798 0.979798 0.979798 0.979798 0.979798 0.979798 0.979798 0.979798 0.979798 0.979798 0.979798 0.979798 0.979628 0.979459 0.979289 0.979120 0.978950 0.978781 0.978611 0.978442 0.978272 0.978103 0.977933 0.977764 
0.979329 0.979414 0.979500 0.979585 0.979189 0.979355 0.979521 0.979687 0.979798 0.979798 0.979798 0.979798 0.979798 0.979798 0.979798 0.979798 0.979798 0.979798 0.979798 0.979798 0.979798 0.979798 0.979798 0.979798 0.979798 0.979798 0.979798 0.979798 0.979798 0.979798 0.979798 0.979798 0.979798 0.979798 0.979798 0.979798 0.979798 0.979798 0.979798 0.979798 0.979798 0.979798 0.979798 0.979798 0.979798 0.979798 0.979798 0.979798 0.979798 0.979798 0.979798 0.979798 0.979798 0.979798 0.979798 0.979798 0.979798 0.979798 0.979798 0.979798 0.979798 0.979798 0.979798 0.979798 0.979798 0.979798 0.979798 0.979798 0.979798 0.979798 0.979798 0.979798 0.979798 0.979798 0.979798 0.979798 0.979798 0.979798 0.979798 0.979798 0.979798 0.979798 0.979798 0.979798 0.979798 0.979798 0.979798 0.979798 0.979798 0.979798 0.979798 0.979798 0.979798 0.979798 0.979798 0.979798 0.979798 0.979798 0.979798 0.979798 0.979798 0.979798 0.979798 0.979798 0.979798 0.979798 0.979798 0.979798 0.979798 0.979798 0.979798 0.979798 0.979798 0.979798 0.979798 0.979798 0.979798 0.979798 0.979798 0.979798 0.979798 0.979798 0.979798 0.979798 0.979798 0.979798 0.979798 0.979798 0.979798 0.979798 0.979798 0.979798 0.979798 0.979798 0.979798 0.979798 0.979798 0.979798 0.979798 0.979798 0.979798 0.979798 0.979798 0.979798 0.979798 0.979798 0.979798 0.979798 0.979798 0.979798 0.979798 0.979798 0.979798 0.979798 0.979798 0.979798 0.979798 0.979798 0.979798 0.979798 0.979798 0.979798 0.979798 0.979798 0.979798 0.979798 0.979798 0.979798 0.979798 0.979798 0.979798 0.979798 0.979798 0.979798 0.979798 0.979798 0.979798 0.979628 0.979459 0.979289 0.979120 0.978950 0.978781 0.978611 0.978442 0.978272 0.978103 0.977933 0.977764 
0.979414 0.979500 0.979585 0.979300 0.979466 0.979632 0.979798 0.979798 0.979798 0.979798 0.979798 0.979798 0.979798 0.979798 0.979798 0.979798 0.979798 0.979798 0.979798 0.979798 0.979798 0.979798 0.979798 0.979798 0.979798 0.979798 0.979798 0.979798 0.979798 0.979798 0.979798 0.979798 0.979798 0.979798 0.979798 0.979798 0.979798 0.979798 0.979798 0.979798 0.979798 0.979798 0.979798 0.979798 0.979798 0.979798 0.979798 0.979798 0.979798 0.979798 0.979798 0.979798 0.979798 0.979798 0.979798 0.979798 0.979798 0.979798 0.979798 0.979798 0.979798 0.979798 0.979798 0.979798 0.979798 0.979798 0.979798 0.979798 0.979798 0.979798 0.979798 0.979798 0.979798 0.979798 0.979798 0.979798 0.979798 0.979798 0.979798 0.979798 0.979798 0.979798 0.979798 0.979798 0.979798 0.979798 0.979798 0.979798 0.979798 0.979798 0.979798 0.979798 0.979798 0.979798 0.979798 0.979798 0.979798 0.979798 0.979798 0.979798 0.979798 0.979798 0.979798 0.979798 0.979798 0.979798 0.979798 0.979798 0.979798 0.979798 0.979798 0.979798 0.979798 0.979798 0.979798 0.979798 0.979798 0.979798 0.979798 0.979798 0.979798 0.979798 0.979798 0.979798 0.979798 0.979798 0.979798 0.979798 0.979798 0.979798 0.979798 0.979798 0.979798 0.979798 0.979798 0.979798 0.979798 0.979798 0.979798 0.979798 0.979798 0.979798 0.979798 0.979798 0.979798 0.979798 0.979798 0.979798 0.979798 0.979798 0.979798 0.979798 0.979798 0.979798 0.979798 0.979798 0.979798 0.979798 0.979798 0.979798 0.979798 0.979798 0.979798 0.979798 0.979798 0.979798 0.979798 0.979798 0.979798 0.979798 0.979798 0.979798 0.979798 0.979798 0.979798 0.979798 0.979798 0.979798 0.979628 0.979459 0.979289 0.979120 0.978950 0.978781 0.978611 0.978442 0.978272 0.978103 0.977933 0.977764 
0.979500 0.979585 0.979410 0.979577 0.979743 0.979798 0.979798 0.979798 0.979798 0.979798 0.979798 0.979798 0.979798 0.979798 0.979798 0.979798 0.979798 0.979798 0.979798 0.979798 0.979798 0.979798 0.979798 0.979798 0.979798 0.979798 0.979798 0.979798 0.979798 0.979798 0.979798 0.979798 0.979798 0.979798 0.979798 0.979798 0.979798 0.979798 0.979798 0.979798 0.979798 0.979798 0.979798 0.979798 0.979798 0.979798 0.979798 0.979798 0.979798 0.979798 0.979798 0.979798 0.979798 0.979798 0.979798 0.979798 0.979798 0.979798 0.979798 0.979798 0.979798 0.979798 0.979798 0.979798 0.979798 0.979798 0.979798 0.979798 0.979798 0.979798 0.979798 0.979798 0.979798 0.979798 0.979798 0.979798 0.979798 0.979798 0.979798 0.979798 0.979798 0.979798 0.979798 0.979798 0.979798 0.979798 0.979798 0.979798 0.979798 0.979798 0.979798 0.979798 0.979798 0.979798 0.979798 0.979798 0.979798 0.979798 0.979798 0.979798 0.979798 0.979798 0.979798 0.979798 0.979798 0.979798 0.979798 0.979798 0.979798 0.979798 0.979798 0.979798 0.979798 0.979798 0.979798 0.979798 0.979798 0.979798 0.979798 0.979798 0.979798 0.979798 0.979798 0.979798 0.979798 0.979798 0.979798 0.979798 0.979798 0.979798 0.979798 0.979798 0.979798 0.979798 0.979798 0.979798 0.979798 0.979798 0.979798 0.979798 0.979798 0.979798 0.979798 0.979798 0.979798 0.979798 0.979798 0.979798 0.979798 0.979798 0.979798 0.979798 0.979798 0.979798 0.979798 0.979798 0.979798 0.979798 0.979798 0.979798 0.979798 0.979798 0.979798 0.979798 0.979798 0.979798 0.979798 0.979798 0.979798 0.979798 0.979798 0.979798 0.979798 0.979798 0.979798 0.979798 0.979798 0.979798 0.979628 0.979459 0.979289 0.979120 0.978950 0.978781 0.978611 0.978442 0.978272 0.978103 0.977933 0.977764 
0.979585 0.979670 0.979521 0.979687 0.979798 0.979798 0.979798 0.979798 0.979798 0.979798 0.979798 0.979798 0.979798 0.979798 0.979798 0.979798 0.979798 0.979798 0.979798 0.979798 0.979798 0.979798 0.979798 0.979798 0.979798 0.979798 0.979798 0.979798 0.979798 0.979798 0.979798 0.979798 0.979798 0.979798 0.979798 0.979798 0.979798 0.979798 0.979798 0.979798 0.979798 0.979798 0.979798 0.979798 0.979798 0.979798 0.979798 0.979798 0.979798 0.979798 0.979798 0.979798 0.979798 0.979798 0.979798 0.979798 0.979798 0.979798 0.979798 0.979798 0.979798 0.979798 0.979798 0.979798 0.979798 0.979798 0.979798 0.979798 0.979798 0.979798 0.979798 0.979798 0.979798 0.979798 0.979798 0.979798 0.979798 0.979798 0.979798 0.979798 0.979798 0.979798 0.979798 0.979798 0.979798 0.979798 0.979798 0.979798 0.979798 0.979798 0.979798 0.979798 0.979798 0.979798 0.979798 0.979798 0.979798 0.979798 0.979798 0.979798 0.979798 0.979798 0.979798 0.979798 0.979798 0.979798 0.979798 0.979798 0.979798 0.979798 0.979798 0.979798 0.979798 0.979798 0.979798 0.979798 0.979798 0.979798 0.979798 0.979798 0.979798 0.979798 0.979798 0.979798 0.979798 0.979798 0.979798 0.979798 0.979798 0.979798 0.979798 0.979798 0.979798 0.979798 0.979798 0.979798 0.979798 0.979798 0.979798 0.979798 0.979798 0.979798 0.979798 0.979798 0.979798 0.979798 0.979798 0.979798 0.979798 0.979798 0.979798 0.979798 0.979798 0.979798 0.979798 0.979798 0.979798 0.979798 0.979798 0.979798 0.979798 0.979798 0.979798 0.979798 0.979798 0.979798 0.979798 0.979798 0.979798 0.979798 0.979798 0.979798 0.979798 0.979798 0.979798 0.979798 0.979798 0.979798 0.979798 0.979628 0.979459 0.979289 0.979120 0.978950 0.978781 0.978611 0.978442 0.978272 0.978103 0.977933 0.977764 
0.979670 0.979632 0.979798 0.979798 0.979798 0.979798 0.979798 0.979798 0.979798 0.979798 0.979798 0.979798 0.979798 0.979798 0.979798 0.979798 0.979798 0.979798 0.979798 0.979798 0.979798 0.979798 0.979798 0.979798 0.979798 0.979798 0.979798 0.979798 0.979798 0.979798 0.979798 0.979798 0.979798 0.979798 0.979798 0.979798 0.979798 0.979798 0.979798 0.979798 0.979798 0.979798 0.979798 0.979798 0.979798 0.979798 0.979798 0.979798 0.979798 0.979798 0.979798 0.979798 0.979798 0.979798 0.979798 0.979798 0.979798 0.979798 0.979798 0.979798 0.979798 0.979798 0.979798 0.979798 0.979798 0.979798 0.979798 0.979798 0.979798 0.979798 0.979798 0.979798 0.979798 0.979798 0.979798 0.979798 0.979798 0.979798 0.979798 0.979798 0.979798 0.979798 0.979798 0.979798 0.979798 0.979798 0.979798 0.979798 0.979798 0.979798 0.979798 0.979798 0.979798 0.979798 0.979798 0.979798 0.979798 0.979798 0.979798 0.979798 0.979798 0.979798 0.979798 0.979798 0.979798 0.979798 0.979798 0.979798 0.979798 0.979798 0.979798 0.979798 0.979798 0.979798 0.979798 0.979798 0.979798 0.979798 0.979798 0.979798 0.979798 0.979798 0.979798 0.979798 0.979798 0.979798 0.979798 0.979798 0.979798 0.979798 0.979798 0.979798 0.979798 0.979798 0.979798 0.979798 0.979798 0.979798 0.979798 0.979798 0.979798 0.979798 0.979798 0.979798 0.979798 0.979798 0.979798 0.979798 0.979798 0.979798 0.979798 0.979798 0.979798 0.979798 0.979798 0.979798 0.979798 0.979798 0.979798 0.979798 0.979798 0.979798 0.979798 0.979798 0.979798 0.979798 0.979798 0.979798 0.979798 0.979798 0.979798 0.979798 0.979798 0.979798 0.979798 0.979798 0.979798 0.979798 0.979798 0.979798 0.979628 0.979459 0.979289 0.979120 0.978950 0.978781 0.978611 0.978442 0.978272 0.978103 0.977933 0.977764 
0.979743 0.979798 0.979798 0.979798 0.979798 0.979798 0.979798 0.979798 0.979798 0.979798 0.979798 0.979798 0.979798 0.979798 0.979798 0.979798 0.979798 0.979798 0.979798 0.979798 0.979798 0.979798 0.979798 0.979798 0.979798 0.979798 0.979798 0.979798 0.979798 0.979798 0.979798 0.979798 0.979798 0.979798 0.979798 0.979798 0.979798 0.979798 0.979798 0.979798 0.979798 0.979798 0.979798 0.979798 0.979798 0.979798 0.979798 0.979798 0.979798 0.979798 0.979798 0.979798 0.979798 0.979798 0.979798 0.979798 0.979798 0.979798 0.979798 0.979798 0.979798 0.979798 0.979798 0.979798 0.979798 0.979798 0.979798 0.979798 0.979798 0.979798 0.979798 0.979798 0.979798 0.979798 0.979798 0.979798 0.979798 0.979798 0.979798 0.979798 0.979798 0.979798 0.979798 0.979798 0.979798 0.979798 0.979798 0.979798 0.979798 0.979798 0.979798 0.979798 0.979798 0.979798 0.979798 0.979798 0.979798 0.979798 0.979798 0.979798 0.979798 0.979798 0.979798 0.979798 0.979798 0.979798 0.979798 0.979798 0.979798 0.979798 0.979798 0.979798 0.979798 0.979798 0.979798 0.979798 0.979798 0.979798 0.979798 0.979798 0.979798 0.979798 0.979798 0.979798 0.979798 0.979798 0.979798 0.979798 0.979798 0.979798 0.979798 0.979798 0.979798 0.979798 0.979798 0.979798 0.979798 0.979798 0.979798 0.979798 0.979798 0.979798 0.979798 0.979798 0.979798 0.979798 0.979798 0.979798 0.979798 0.979798 0.979798 0.979798 0.979798 0.979798 0.979798 0.979798 0.979798 0.979798 0.979798 0.979798 0.979798 0.979798 0.979798 0.979798 0.979798 0.979798 0.979798 0.979798 0.979798 0.979798 0.979798 0.979798 0.979798 0.979798 0.979798 0.979798 0.979798 0.979798 0.979798 0.979798 0.979628 0.979459 0.979289 0.979120 0.978950 0.978781 0.978611 0.978442 0.978272 0.978103 0.977933 0.977764 
0.979829 0.979938 0.980046 0.980155 0.980263 0.980371 0.980480 0.980588 0.980697 0.980805 0.980914 0.981022 0.981130 0.981239 0.981347 0.981456 0.981564 
0.979892 0.980000 0.980109 0.980217 0.980326 0.980434 0.980542 0.980651 0.980759 0.980868 0.980976 0.981085 0.981193 0.981301 0.981410 0.981518 
0.979954 0.980063 0.980171 0.980280 0.980388 0.980497 0.980605 0.980713 0.980822 0.980930 0.981039 0.981147 0.981256 0.981364 0.981473 
0.980017 0.980125 0.980234 0.980342 0.980451 0.980559 0.980668 0.980776 0.980884 0.980993 0.981101 0.981210 0.981318 0.981427 
0.980080 0.980188 0.980296 0.980405 0.980513 0.980622 0.980730 0.980839 0.980947 0.981055 0.981164 0.981272 0.981381 0.981489 
0.980142 0.980251 0.980359 0.980467 0.980576 0.980684 0.980793 0.980901 0.981010 0.981118 0.981226 0.981335 0.981443 
0.980205 0.980313 0.980422 0.980530 0.980638 0.980747 0.980855 0.980964 0.981072 0.981181 0.981289 0.981397 
0.980267 0.980376 0.980484 0.980593 0.980701 0.980809 0.980918 0.981026 0.981135 0.981243 0.981352 
0.980330 0.980438 0.980547 0.980655 0.980764 0.980872 0.980980 0.981089 0.981197 0.981306 0.981414 
0.980392 0.980501 0.980609 0.980718 0.980826 0.980935 0.981043 0.981151 0.981260 0.981368 
0.980455 0.980563 0.980672 0.980780 0.980889 0.980997 0.981106 0.981214 0.981322 
0.980518 0.980626 0.980734 0.980843 0.980951 0.981060 0.981168 0.981277 
0.980580 0.980689 0.980797 0.980905 0.981014 0.981122 0.981231 
0.980643 0.980751 0.980860 0.980968 0.981076 0.981185 0.981293 
0.980705 0.980814 0.980922 0.981031 0.981139 0.981247 
0.980768 0.980876 0.980985 0.981093 0.981202 
0.980830 0.980939 0.981047 0.981156 
0.980893 0.981001 0.981110 0.981218 
0.980956 0.981064 0.981172 
0.981018 0.981127 
0.981081 
0.981143 




































































































































































































































